0 0.893223 0.500000 0.038030 1.000000
0 0.930765 0.500000 0.038030 1.000000
3 0.667479 0.500000 0.038030 1.000000
3 0.705022 0.500000 0.038030 1.000000
3 0.743052 0.500000 0.038030 1.000000
3 0.781570 0.500000 0.038030 1.000000
3 0.818137 0.500000 0.038030 1.000000
3 0.855680 0.500000 0.038030 1.000000
4 0.629449 0.500000 0.038030 1.000000
5 0.516821 0.500000 0.038030 1.000000
5 0.555339 0.500000 0.038030 1.000000
5 0.592394 0.500000 0.038030 1.000000
7 0.441248 0.500000 0.038030 1.000000
7 0.478791 0.500000 0.038030 1.000000
8 0.366163 0.500000 0.038030 1.000000
8 0.403706 0.500000 0.038030 1.000000
10 0.328620 0.500000 0.038030 1.000000
11 0.177474 0.500000 0.038030 1.000000
11 0.216480 0.500000 0.038030 1.000000
11 0.254022 0.500000 0.038030 1.000000
11 0.291078 0.500000 0.038030 1.000000
12 0.102389 0.500000 0.038030 1.000000
12 0.140907 0.500000 0.038030 1.000000
13 0.060458 0.500000 0.038030 1.000000
14 0.022916 0.500000 0.038030 1.000000
