0 0.856655 0.500000 0.038030 1.000000
0 0.894198 0.500000 0.038030 1.000000
0 0.931253 0.500000 0.038030 1.000000
1 0.780595 0.500000 0.038030 1.000000
1 0.818137 0.500000 0.038030 1.000000
2 0.743052 0.500000 0.038030 1.000000
3 0.705997 0.500000 0.038030 1.000000
4 0.630912 0.500000 0.038030 1.000000
4 0.667479 0.500000 0.038030 1.000000
7 0.366163 0.500000 0.038030 1.000000
7 0.403706 0.500000 0.038030 1.000000
7 0.442223 0.500000 0.038030 1.000000
7 0.480254 0.500000 0.038030 1.000000
7 0.516821 0.500000 0.038030 1.000000
7 0.554364 0.500000 0.038030 1.000000
9 0.328620 0.500000 0.038030 1.000000
10 0.290590 0.500000 0.038030 1.000000
11 0.253047 0.500000 0.038030 1.000000
12 0.102389 0.500000 0.038030 1.000000
12 0.140907 0.500000 0.038030 1.000000
12 0.177962 0.500000 0.038030 1.000000
12 0.215505 0.500000 0.038030 1.000000
13 0.060458 0.500000 0.038030 1.000000
14 0.022916 0.500000 0.038030 1.000000
