0 0.705022 0.500000 0.038030 1.000000
0 0.742565 0.500000 0.038030 1.000000
0 0.780595 0.500000 0.038030 1.000000
0 0.819113 0.500000 0.038030 1.000000
0 0.856655 0.500000 0.038030 1.000000
0 0.893223 0.500000 0.038030 1.000000
0 0.931253 0.500000 0.038030 1.000000
1 0.554364 0.500000 0.038030 1.000000
1 0.592394 0.500000 0.038030 1.000000
1 0.629937 0.500000 0.038030 1.000000
1 0.667479 0.500000 0.038030 1.000000
3 0.516821 0.500000 0.038030 1.000000
6 0.441736 0.500000 0.038030 1.000000
6 0.479278 0.500000 0.038030 1.000000
7 0.403706 0.500000 0.038030 1.000000
8 0.328133 0.500000 0.038030 1.000000
8 0.366163 0.500000 0.038030 1.000000
9 0.253047 0.500000 0.038030 1.000000
9 0.291078 0.500000 0.038030 1.000000
10 0.139932 0.500000 0.038030 1.000000
10 0.177962 0.500000 0.038030 1.000000
10 0.216480 0.500000 0.038030 1.000000
11 0.065822 0.500000 0.038030 1.000000
11 0.102389 0.500000 0.038030 1.000000
13 0.022916 0.500000 0.038030 1.000000
