1 0.893710 0.500000 0.038030 1.000000
1 0.932228 0.500000 0.038030 1.000000
2 0.667479 0.500000 0.038030 1.000000
2 0.705022 0.500000 0.038030 1.000000
2 0.743052 0.500000 0.038030 1.000000
2 0.780595 0.500000 0.038030 1.000000
2 0.818137 0.500000 0.038030 1.000000
2 0.855680 0.500000 0.038030 1.000000
4 0.591906 0.500000 0.038030 1.000000
4 0.629449 0.500000 0.038030 1.000000
7 0.478791 0.500000 0.038030 1.000000
7 0.516821 0.500000 0.038030 1.000000
7 0.555339 0.500000 0.038030 1.000000
8 0.404681 0.500000 0.038030 1.000000
8 0.441736 0.500000 0.038030 1.000000
9 0.366163 0.500000 0.038030 1.000000
10 0.328620 0.500000 0.038030 1.000000
11 0.177962 0.500000 0.038030 1.000000
11 0.215505 0.500000 0.038030 1.000000
11 0.254022 0.500000 0.038030 1.000000
11 0.291078 0.500000 0.038030 1.000000
12 0.026816 0.500000 0.038030 1.000000
12 0.064846 0.500000 0.038030 1.000000
12 0.102389 0.500000 0.038030 1.000000
12 0.140907 0.500000 0.038030 1.000000
