0 0.817916 0.500000 0.037975 1.000000
0 0.856378 0.500000 0.037975 1.000000
0 0.892892 0.500000 0.037975 1.000000
0 0.930867 0.500000 0.037975 1.000000
1 0.780915 0.500000 0.037975 1.000000
3 0.629503 0.500000 0.037975 1.000000
3 0.666991 0.500000 0.037975 1.000000
3 0.705940 0.500000 0.037975 1.000000
3 0.742454 0.500000 0.037975 1.000000
5 0.554041 0.500000 0.037975 1.000000
5 0.592502 0.500000 0.037975 1.000000
8 0.516553 0.500000 0.037975 1.000000
9 0.290652 0.500000 0.037975 1.000000
9 0.328140 0.500000 0.037975 1.000000
9 0.366115 0.500000 0.037975 1.000000
9 0.403603 0.500000 0.037975 1.000000
9 0.441091 0.500000 0.037975 1.000000
9 0.479065 0.500000 0.037975 1.000000
11 0.139727 0.500000 0.037975 1.000000
11 0.177702 0.500000 0.037975 1.000000
11 0.215190 0.500000 0.037975 1.000000
11 0.252678 0.500000 0.037975 1.000000
12 0.064752 0.500000 0.037975 1.000000
12 0.102240 0.500000 0.037975 1.000000
14 0.022882 0.500000 0.037975 1.000000
