0 0.931253 0.500000 0.038030 1.000000
1 0.855680 0.500000 0.038030 1.000000
1 0.893223 0.500000 0.038030 1.000000
7 0.705022 0.500000 0.038030 1.000000
7 0.742565 0.500000 0.038030 1.000000
7 0.780595 0.500000 0.038030 1.000000
7 0.818137 0.500000 0.038030 1.000000
8 0.629449 0.500000 0.038030 1.000000
8 0.667479 0.500000 0.038030 1.000000
9 0.366163 0.500000 0.038030 1.000000
9 0.403706 0.500000 0.038030 1.000000
9 0.441736 0.500000 0.038030 1.000000
9 0.479278 0.500000 0.038030 1.000000
9 0.517796 0.500000 0.038030 1.000000
9 0.554364 0.500000 0.038030 1.000000
9 0.592394 0.500000 0.038030 1.000000
10 0.291078 0.500000 0.038030 1.000000
10 0.328620 0.500000 0.038030 1.000000
11 0.177474 0.500000 0.038030 1.000000
11 0.216480 0.500000 0.038030 1.000000
11 0.253047 0.500000 0.038030 1.000000
12 0.064846 0.500000 0.038030 1.000000
12 0.102389 0.500000 0.038030 1.000000
12 0.140419 0.500000 0.038030 1.000000
14 0.022916 0.500000 0.038030 1.000000
