1 0.723466 0.500000 0.037975 1.000000
1 0.762415 0.500000 0.037975 1.000000
6 0.648491 0.500000 0.037975 1.000000
6 0.685979 0.500000 0.037975 1.000000
7 0.422103 0.500000 0.037975 1.000000
7 0.460078 0.500000 0.037975 1.000000
7 0.497566 0.500000 0.037975 1.000000
7 0.535540 0.500000 0.037975 1.000000
7 0.574002 0.500000 0.037975 1.000000
7 0.610516 0.500000 0.037975 1.000000
12 0.196203 0.500000 0.037975 1.000000
12 0.234177 0.500000 0.037975 1.000000
12 0.271665 0.500000 0.037975 1.000000
12 0.310127 0.500000 0.037975 1.000000
12 0.347128 0.500000 0.037975 1.000000
12 0.384615 0.500000 0.037975 1.000000
