0 0.932228 0.500000 0.038030 1.000000
1 0.818137 0.500000 0.038030 1.000000
1 0.855680 0.500000 0.038030 1.000000
1 0.894198 0.500000 0.038030 1.000000
3 0.705022 0.500000 0.038030 1.000000
3 0.742565 0.500000 0.038030 1.000000
3 0.780595 0.500000 0.038030 1.000000
4 0.478791 0.500000 0.038030 1.000000
4 0.592882 0.500000 0.038030 1.000000
4 0.630912 0.500000 0.038030 1.000000
4 0.667479 0.500000 0.038030 1.000000
6 0.441736 0.500000 0.038030 1.000000
7 0.328133 0.500000 0.038030 1.000000
7 0.367138 0.500000 0.038030 1.000000
7 0.403706 0.500000 0.038030 1.000000
8 0.253047 0.500000 0.038030 1.000000
8 0.291078 0.500000 0.038030 1.000000
8 0.554364 0.500000 0.038030 1.000000
9 0.177962 0.500000 0.038030 1.000000
9 0.215505 0.500000 0.038030 1.000000
11 0.140419 0.500000 0.038030 1.000000
12 0.064846 0.500000 0.038030 1.000000
12 0.102389 0.500000 0.038030 1.000000
14 0.022916 0.500000 0.038030 1.000000
