0 0.704966 0.500000 0.037975 1.000000
0 0.742454 0.500000 0.037975 1.000000
0 0.780428 0.500000 0.037975 1.000000
0 0.818890 0.500000 0.037975 1.000000
0 0.856378 0.500000 0.037975 1.000000
0 0.892892 0.500000 0.037975 1.000000
0 0.930867 0.500000 0.037975 1.000000
1 0.666991 0.500000 0.037975 1.000000
2 0.629503 0.500000 0.037975 1.000000
3 0.366115 0.500000 0.037975 1.000000
3 0.441091 0.500000 0.037975 1.000000
3 0.479065 0.500000 0.037975 1.000000
3 0.516553 0.500000 0.037975 1.000000
3 0.555015 0.500000 0.037975 1.000000
3 0.592016 0.500000 0.037975 1.000000
5 0.328140 0.500000 0.037975 1.000000
5 0.357838 0.500000 0.037975 1.000000
5 0.366115 0.500000 0.037975 1.000000
8 0.215190 0.500000 0.037975 1.000000
8 0.253651 0.500000 0.037975 1.000000
8 0.290652 0.500000 0.037975 1.000000
9 0.139727 0.500000 0.037975 1.000000
9 0.178676 0.500000 0.037975 1.000000
12 0.026777 0.500000 0.037975 1.000000
12 0.065239 0.500000 0.037975 1.000000
12 0.102240 0.500000 0.037975 1.000000
