0 0.893223 0.500000 0.038030 1.000000
0 0.932228 0.500000 0.038030 1.000000
1 0.818137 0.500000 0.038030 1.000000
1 0.855680 0.500000 0.038030 1.000000
2 0.705022 0.500000 0.038030 1.000000
2 0.743540 0.500000 0.038030 1.000000
2 0.780595 0.500000 0.038030 1.000000
3 0.591906 0.500000 0.038030 1.000000
3 0.629449 0.500000 0.038030 1.000000
3 0.668454 0.500000 0.038030 1.000000
4 0.554364 0.500000 0.038030 1.000000
5 0.441736 0.500000 0.038030 1.000000
5 0.479278 0.500000 0.038030 1.000000
5 0.516821 0.500000 0.038030 1.000000
6 0.404681 0.500000 0.038030 1.000000
7 0.366163 0.500000 0.038030 1.000000
8 0.253047 0.500000 0.038030 1.000000
8 0.291078 0.500000 0.038030 1.000000
8 0.328620 0.500000 0.038030 1.000000
9 0.215505 0.500000 0.038030 1.000000
10 0.177962 0.500000 0.038030 1.000000
11 0.140419 0.500000 0.038030 1.000000
12 0.065822 0.500000 0.038030 1.000000
12 0.102389 0.500000 0.038030 1.000000
14 0.022916 0.500000 0.038030 1.000000
