0 0.930867 0.500000 0.037975 1.000000
1 0.893379 0.500000 0.037975 1.000000
3 0.704966 0.500000 0.037975 1.000000
3 0.742454 0.500000 0.037975 1.000000
3 0.780428 0.500000 0.037975 1.000000
3 0.817916 0.500000 0.037975 1.000000
3 0.856378 0.500000 0.037975 1.000000
4 0.592016 0.500000 0.037975 1.000000
4 0.667965 0.500000 0.037975 1.000000
6 0.555015 0.500000 0.037975 1.000000
8 0.516553 0.500000 0.037975 1.000000
8 0.629503 0.500000 0.037975 1.000000
9 0.328140 0.500000 0.037975 1.000000
9 0.366115 0.500000 0.037975 1.000000
9 0.404576 0.500000 0.037975 1.000000
9 0.441091 0.500000 0.037975 1.000000
9 0.479065 0.500000 0.037975 1.000000
10 0.026777 0.500000 0.037975 1.000000
10 0.064752 0.500000 0.037975 1.000000
10 0.102240 0.500000 0.037975 1.000000
10 0.139727 0.500000 0.037975 1.000000
10 0.178676 0.500000 0.037975 1.000000
10 0.216164 0.500000 0.037975 1.000000
10 0.252678 0.500000 0.037975 1.000000
10 0.290652 0.500000 0.037975 1.000000
