0 0.818137 0.500000 0.038030 1.000000
0 0.855680 0.500000 0.038030 1.000000
0 0.894198 0.500000 0.038030 1.000000
0 0.931253 0.500000 0.038030 1.000000
2 0.780595 0.500000 0.038030 1.000000
4 0.629449 0.500000 0.038030 1.000000
4 0.667479 0.500000 0.038030 1.000000
4 0.705997 0.500000 0.038030 1.000000
4 0.743052 0.500000 0.038030 1.000000
6 0.441248 0.500000 0.038030 1.000000
6 0.478791 0.500000 0.038030 1.000000
6 0.516821 0.500000 0.038030 1.000000
6 0.555339 0.500000 0.038030 1.000000
6 0.592394 0.500000 0.038030 1.000000
8 0.367138 0.500000 0.038030 1.000000
8 0.403706 0.500000 0.038030 1.000000
9 0.253047 0.500000 0.038030 1.000000
9 0.291565 0.500000 0.038030 1.000000
9 0.328620 0.500000 0.038030 1.000000
10 0.216480 0.500000 0.038030 1.000000
11 0.140907 0.500000 0.038030 1.000000
11 0.177962 0.500000 0.038030 1.000000
12 0.064846 0.500000 0.038030 1.000000
12 0.102389 0.500000 0.038030 1.000000
14 0.022916 0.500000 0.038030 1.000000
