2 0.930867 0.500000 0.037975 1.000000
3 0.704966 0.500000 0.037975 1.000000
3 0.742454 0.500000 0.037975 1.000000
3 0.780915 0.500000 0.037975 1.000000
3 0.818890 0.500000 0.037975 1.000000
3 0.855404 0.500000 0.037975 1.000000
3 0.892892 0.500000 0.037975 1.000000
6 0.592502 0.500000 0.037975 1.000000
6 0.629503 0.500000 0.037975 1.000000
6 0.666991 0.500000 0.037975 1.000000
8 0.441091 0.500000 0.037975 1.000000
8 0.479065 0.500000 0.037975 1.000000
8 0.517527 0.500000 0.037975 1.000000
8 0.555015 0.500000 0.037975 1.000000
9 0.290652 0.500000 0.037975 1.000000
9 0.328140 0.500000 0.037975 1.000000
9 0.365628 0.500000 0.037975 1.000000
9 0.403603 0.500000 0.037975 1.000000
10 0.177702 0.500000 0.037975 1.000000
10 0.215190 0.500000 0.037975 1.000000
10 0.253651 0.500000 0.037975 1.000000
11 0.102240 0.500000 0.037975 1.000000
11 0.140701 0.500000 0.037975 1.000000
12 0.026777 0.500000 0.037975 1.000000
12 0.065239 0.500000 0.037975 1.000000
