1 0.855404 0.500000 0.037975 1.000000
1 0.893379 0.500000 0.037975 1.000000
1 0.931840 0.500000 0.037975 1.000000
3 0.666991 0.500000 0.037975 1.000000
3 0.704966 0.500000 0.037975 1.000000
3 0.743427 0.500000 0.037975 1.000000
3 0.780915 0.500000 0.037975 1.000000
3 0.817916 0.500000 0.037975 1.000000
6 0.629503 0.500000 0.037975 1.000000
8 0.554041 0.500000 0.037975 1.000000
8 0.592016 0.500000 0.037975 1.000000
9 0.479065 0.500000 0.037975 1.000000
9 0.516553 0.500000 0.037975 1.000000
10 0.403603 0.500000 0.037975 1.000000
10 0.441091 0.500000 0.037975 1.000000
11 0.290652 0.500000 0.037975 1.000000
11 0.328140 0.500000 0.037975 1.000000
11 0.366602 0.500000 0.037975 1.000000
12 0.026777 0.500000 0.037975 1.000000
12 0.064752 0.500000 0.037975 1.000000
12 0.102240 0.500000 0.037975 1.000000
12 0.140701 0.500000 0.037975 1.000000
12 0.178676 0.500000 0.037975 1.000000
12 0.215190 0.500000 0.037975 1.000000
12 0.252678 0.500000 0.037975 1.000000
