0 0.780107 0.500000 0.038030 1.000000
0 0.818137 0.500000 0.038030 1.000000
0 0.855680 0.500000 0.038030 1.000000
0 0.893710 0.500000 0.038030 1.000000
0 0.932228 0.500000 0.038030 1.000000
1 0.743540 0.500000 0.038030 1.000000
2 0.591906 0.500000 0.038030 1.000000
2 0.629449 0.500000 0.038030 1.000000
2 0.667479 0.500000 0.038030 1.000000
2 0.705022 0.500000 0.038030 1.000000
3 0.554364 0.500000 0.038030 1.000000
5 0.328620 0.500000 0.038030 1.000000
5 0.366163 0.500000 0.038030 1.000000
5 0.404681 0.500000 0.038030 1.000000
5 0.442223 0.500000 0.038030 1.000000
5 0.479278 0.500000 0.038030 1.000000
5 0.516821 0.500000 0.038030 1.000000
6 0.290590 0.500000 0.038030 1.000000
6 0.328620 0.500000 0.038030 1.000000
11 0.102389 0.500000 0.038030 1.000000
11 0.140419 0.500000 0.038030 1.000000
11 0.178937 0.500000 0.038030 1.000000
11 0.215505 0.500000 0.038030 1.000000
11 0.253047 0.500000 0.038030 1.000000
14 0.022916 0.500000 0.038030 1.000000
14 0.060946 0.500000 0.038030 1.000000
