0 0.630912 0.500000 0.038030 1.000000
0 0.668454 0.500000 0.038030 1.000000
0 0.705022 0.500000 0.038030 1.000000
0 0.743052 0.500000 0.038030 1.000000
3 0.591906 0.500000 0.038030 1.000000
8 0.478791 0.500000 0.038030 1.000000
8 0.516821 0.500000 0.038030 1.000000
8 0.555339 0.500000 0.038030 1.000000
9 0.441736 0.500000 0.038030 1.000000
11 0.291078 0.500000 0.038030 1.000000
11 0.329595 0.500000 0.038030 1.000000
11 0.367138 0.500000 0.038030 1.000000
11 0.403706 0.500000 0.038030 1.000000
12 0.216480 0.500000 0.038030 1.000000
12 0.253047 0.500000 0.038030 1.000000
