1 0.818137 0.500000 0.038030 1.000000
3 0.781570 0.500000 0.038030 1.000000
4 0.705022 0.500000 0.038030 1.000000
4 0.743540 0.500000 0.038030 1.000000
5 0.629937 0.500000 0.038030 1.000000
5 0.667479 0.500000 0.038030 1.000000
7 0.555339 0.500000 0.038030 1.000000
7 0.592394 0.500000 0.038030 1.000000
8 0.479278 0.500000 0.038030 1.000000
8 0.516821 0.500000 0.038030 1.000000
10 0.328133 0.500000 0.038030 1.000000
10 0.366163 0.500000 0.038030 1.000000
10 0.404681 0.500000 0.038030 1.000000
10 0.441736 0.500000 0.038030 1.000000
11 0.216480 0.500000 0.038030 1.000000
11 0.253047 0.500000 0.038030 1.000000
11 0.291078 0.500000 0.038030 1.000000
14 0.136031 0.500000 0.038030 1.000000
14 0.173574 0.500000 0.038030 1.000000
