3 0.817916 0.500000 0.037975 1.000000
4 0.779942 0.500000 0.037975 1.000000
5 0.705940 0.500000 0.037975 1.000000
5 0.743427 0.500000 0.037975 1.000000
6 0.666991 0.500000 0.037975 1.000000
8 0.479065 0.500000 0.037975 1.000000
8 0.516553 0.500000 0.037975 1.000000
8 0.555015 0.500000 0.037975 1.000000
8 0.592016 0.500000 0.037975 1.000000
8 0.629503 0.500000 0.037975 1.000000
10 0.290652 0.500000 0.037975 1.000000
10 0.328140 0.500000 0.037975 1.000000
10 0.366115 0.500000 0.037975 1.000000
10 0.403603 0.500000 0.037975 1.000000
10 0.441091 0.500000 0.037975 1.000000
11 0.139727 0.500000 0.037975 1.000000
11 0.177702 0.500000 0.037975 1.000000
11 0.216164 0.500000 0.037975 1.000000
11 0.252678 0.500000 0.037975 1.000000
