0 0.893223 0.500000 0.038030 1.000000
0 0.931253 0.500000 0.038030 1.000000
1 0.855680 0.500000 0.038030 1.000000
2 0.780595 0.500000 0.038030 1.000000
2 0.818137 0.500000 0.038030 1.000000
3 0.743540 0.500000 0.038030 1.000000
4 0.705022 0.500000 0.038030 1.000000
5 0.592394 0.500000 0.038030 1.000000
5 0.630912 0.500000 0.038030 1.000000
5 0.667479 0.500000 0.038030 1.000000
7 0.403706 0.500000 0.038030 1.000000
7 0.441736 0.500000 0.038030 1.000000
7 0.479278 0.500000 0.038030 1.000000
7 0.517796 0.500000 0.038030 1.000000
7 0.554364 0.500000 0.038030 1.000000
8 0.215505 0.500000 0.038030 1.000000
8 0.254022 0.500000 0.038030 1.000000
8 0.291565 0.500000 0.038030 1.000000
8 0.328620 0.500000 0.038030 1.000000
8 0.366163 0.500000 0.038030 1.000000
9 0.102389 0.500000 0.038030 1.000000
9 0.139932 0.500000 0.038030 1.000000
9 0.177962 0.500000 0.038030 1.000000
10 0.064846 0.500000 0.038030 1.000000
11 0.026816 0.500000 0.038030 1.000000
