0 0.930867 0.500000 0.037975 1.000000
3 0.855404 0.500000 0.037975 1.000000
3 0.892892 0.500000 0.037975 1.000000
4 0.705940 0.500000 0.037975 1.000000
4 0.743427 0.500000 0.037975 1.000000
4 0.779942 0.500000 0.037975 1.000000
4 0.817916 0.500000 0.037975 1.000000
6 0.629503 0.500000 0.037975 1.000000
6 0.666991 0.500000 0.037975 1.000000
7 0.479065 0.500000 0.037975 1.000000
7 0.517527 0.500000 0.037975 1.000000
7 0.554041 0.500000 0.037975 1.000000
7 0.592016 0.500000 0.037975 1.000000
8 0.403603 0.500000 0.037975 1.000000
8 0.441091 0.500000 0.037975 1.000000
9 0.252678 0.500000 0.037975 1.000000
9 0.290652 0.500000 0.037975 1.000000
9 0.328140 0.500000 0.037975 1.000000
9 0.366115 0.500000 0.037975 1.000000
10 0.177702 0.500000 0.037975 1.000000
10 0.215190 0.500000 0.037975 1.000000
11 0.139727 0.500000 0.037975 1.000000
13 0.097858 0.500000 0.037975 1.000000
14 0.022882 0.500000 0.037975 1.000000
14 0.060857 0.500000 0.037975 1.000000
