0 0.931253 0.500000 0.038030 1.000000
1 0.893223 0.500000 0.038030 1.000000
2 0.742565 0.500000 0.038030 1.000000
2 0.780107 0.500000 0.038030 1.000000
2 0.818137 0.500000 0.038030 1.000000
2 0.855680 0.500000 0.038030 1.000000
3 0.591906 0.500000 0.038030 1.000000
3 0.629449 0.500000 0.038030 1.000000
3 0.667479 0.500000 0.038030 1.000000
3 0.705022 0.500000 0.038030 1.000000
4 0.516821 0.500000 0.038030 1.000000
4 0.555339 0.500000 0.038030 1.000000
5 0.442223 0.500000 0.038030 1.000000
5 0.480254 0.500000 0.038030 1.000000
7 0.328133 0.500000 0.038030 1.000000
7 0.366163 0.500000 0.038030 1.000000
7 0.403706 0.500000 0.038030 1.000000
9 0.215505 0.500000 0.038030 1.000000
9 0.253047 0.500000 0.038030 1.000000
9 0.291078 0.500000 0.038030 1.000000
10 0.102389 0.500000 0.038030 1.000000
10 0.140419 0.500000 0.038030 1.000000
10 0.177962 0.500000 0.038030 1.000000
11 0.028279 0.500000 0.038030 1.000000
11 0.064846 0.500000 0.038030 1.000000
