0 0.874695 0.500000 0.038030 1.000000
0 0.912238 0.500000 0.038030 1.000000
1 0.799122 0.500000 0.038030 1.000000
1 0.837153 0.500000 0.038030 1.000000
2 0.686982 0.500000 0.038030 1.000000
2 0.724037 0.500000 0.038030 1.000000
2 0.761580 0.500000 0.038030 1.000000
3 0.573379 0.500000 0.038030 1.000000
3 0.610922 0.500000 0.038030 1.000000
3 0.648464 0.500000 0.038030 1.000000
4 0.498781 0.500000 0.038030 1.000000
4 0.536324 0.500000 0.038030 1.000000
5 0.423696 0.500000 0.038030 1.000000
5 0.461238 0.500000 0.038030 1.000000
7 0.385178 0.500000 0.038030 1.000000
8 0.347148 0.500000 0.038030 1.000000
10 0.310580 0.500000 0.038030 1.000000
11 0.121404 0.500000 0.038030 1.000000
11 0.158947 0.500000 0.038030 1.000000
11 0.196977 0.500000 0.038030 1.000000
11 0.234520 0.500000 0.038030 1.000000
11 0.273038 0.500000 0.038030 1.000000
12 0.045831 0.500000 0.038030 1.000000
12 0.084837 0.500000 0.038030 1.000000
