0 0.705022 0.500000 0.038030 1.000000
0 0.743052 0.500000 0.038030 1.000000
0 0.780595 0.500000 0.038030 1.000000
0 0.819113 0.500000 0.038030 1.000000
0 0.856655 0.500000 0.038030 1.000000
0 0.893223 0.500000 0.038030 1.000000
0 0.931253 0.500000 0.038030 1.000000
1 0.667479 0.500000 0.038030 1.000000
3 0.592882 0.500000 0.038030 1.000000
3 0.630912 0.500000 0.038030 1.000000
4 0.517796 0.500000 0.038030 1.000000
4 0.555339 0.500000 0.038030 1.000000
5 0.478791 0.500000 0.038030 1.000000
6 0.328620 0.500000 0.038030 1.000000
6 0.367138 0.500000 0.038030 1.000000
6 0.403706 0.500000 0.038030 1.000000
6 0.441736 0.500000 0.038030 1.000000
8 0.291078 0.500000 0.038030 1.000000
9 0.253047 0.500000 0.038030 1.000000
10 0.215505 0.500000 0.038030 1.000000
11 0.139932 0.500000 0.038030 1.000000
11 0.177962 0.500000 0.038030 1.000000
12 0.028279 0.500000 0.038030 1.000000
12 0.065822 0.500000 0.038030 1.000000
12 0.102389 0.500000 0.038030 1.000000
