1 0.667479 0.500000 0.038030 1.000000
1 0.705022 0.500000 0.038030 1.000000
1 0.743052 0.500000 0.038030 1.000000
3 0.478791 0.500000 0.038030 1.000000
3 0.516821 0.500000 0.038030 1.000000
3 0.555339 0.500000 0.038030 1.000000
3 0.592394 0.500000 0.038030 1.000000
3 0.629937 0.500000 0.038030 1.000000
4 0.442223 0.500000 0.038030 1.000000
5 0.291565 0.500000 0.038030 1.000000
5 0.328620 0.500000 0.038030 1.000000
5 0.366163 0.500000 0.038030 1.000000
7 0.253047 0.500000 0.038030 1.000000
8 0.215505 0.500000 0.038030 1.000000
8 0.403706 0.500000 0.038030 1.000000
