0 0.962945 0.500000 0.038030 1.000000
0 0.987079 0.500000 0.025841 1.000000
2 0.842516 0.500000 0.038030 1.000000
2 0.872745 0.500000 0.038030 1.000000
2 0.903462 0.500000 0.038030 1.000000
2 0.932716 0.500000 0.038030 1.000000
3 0.721599 0.500000 0.038030 1.000000
3 0.751828 0.500000 0.038030 1.000000
3 0.782058 0.500000 0.038030 1.000000
3 0.812774 0.500000 0.038030 1.000000
4 0.589956 0.500000 0.038030 1.000000
4 0.620185 0.500000 0.038030 1.000000
4 0.631887 0.500000 0.038030 1.000000
4 0.661141 0.500000 0.038030 1.000000
4 0.680644 0.500000 0.038030 1.000000
4 0.691370 0.500000 0.038030 1.000000
6 0.450024 0.500000 0.038030 1.000000
7 0.359337 0.500000 0.038030 1.000000
7 0.389078 0.500000 0.038030 1.000000
7 0.419795 0.500000 0.038030 1.000000
8 0.268649 0.500000 0.038030 1.000000
8 0.298879 0.500000 0.038030 1.000000
8 0.329108 0.500000 0.038030 1.000000
9 0.208191 0.500000 0.038030 1.000000
9 0.239395 0.500000 0.038030 1.000000
10 0.148220 0.500000 0.038030 1.000000
10 0.177962 0.500000 0.038030 1.000000
11 0.057045 0.500000 0.038030 1.000000
11 0.087275 0.500000 0.038030 1.000000
11 0.118479 0.500000 0.038030 1.000000
13 0.022916 0.500000 0.038030 1.000000
