2 0.704966 0.500000 0.037975 1.000000
2 0.743427 0.500000 0.037975 1.000000
2 0.780915 0.500000 0.037975 1.000000
2 0.817916 0.500000 0.037975 1.000000
3 0.516553 0.500000 0.037975 1.000000
3 0.554041 0.500000 0.037975 1.000000
3 0.592016 0.500000 0.037975 1.000000
3 0.630477 0.500000 0.037975 1.000000
3 0.666991 0.500000 0.037975 1.000000
6 0.366115 0.500000 0.037975 1.000000
6 0.403603 0.500000 0.037975 1.000000
6 0.442064 0.500000 0.037975 1.000000
6 0.479065 0.500000 0.037975 1.000000
9 0.215190 0.500000 0.037975 1.000000
9 0.253651 0.500000 0.037975 1.000000
9 0.291626 0.500000 0.037975 1.000000
9 0.328140 0.500000 0.037975 1.000000
14 0.135833 0.500000 0.037975 1.000000
14 0.173807 0.500000 0.037975 1.000000
