0 0.932228 0.500000 0.038030 1.000000
1 0.855680 0.500000 0.038030 1.000000
1 0.893223 0.500000 0.038030 1.000000
2 0.743540 0.500000 0.038030 1.000000
2 0.781570 0.500000 0.038030 1.000000
2 0.818137 0.500000 0.038030 1.000000
3 0.668454 0.500000 0.038030 1.000000
3 0.705997 0.500000 0.038030 1.000000
5 0.403706 0.500000 0.038030 1.000000
5 0.441248 0.500000 0.038030 1.000000
5 0.479278 0.500000 0.038030 1.000000
5 0.516821 0.500000 0.038030 1.000000
5 0.555339 0.500000 0.038030 1.000000
5 0.592394 0.500000 0.038030 1.000000
6 0.329595 0.500000 0.038030 1.000000
6 0.366163 0.500000 0.038030 1.000000
7 0.177474 0.500000 0.038030 1.000000
7 0.215505 0.500000 0.038030 1.000000
7 0.253047 0.500000 0.038030 1.000000
7 0.291565 0.500000 0.038030 1.000000
11 0.140419 0.500000 0.038030 1.000000
12 0.026816 0.500000 0.038030 1.000000
12 0.064846 0.500000 0.038030 1.000000
12 0.102389 0.500000 0.038030 1.000000
