0 0.893710 0.500000 0.038030 1.000000
0 0.932228 0.500000 0.038030 1.000000
1 0.818137 0.500000 0.038030 1.000000
1 0.856655 0.500000 0.038030 1.000000
2 0.780595 0.500000 0.038030 1.000000
5 0.629937 0.500000 0.038030 1.000000
5 0.668454 0.500000 0.038030 1.000000
5 0.705997 0.500000 0.038030 1.000000
5 0.743052 0.500000 0.038030 1.000000
7 0.592394 0.500000 0.038030 1.000000
8 0.403706 0.500000 0.038030 1.000000
8 0.441736 0.500000 0.038030 1.000000
8 0.479278 0.500000 0.038030 1.000000
8 0.516821 0.500000 0.038030 1.000000
8 0.554364 0.500000 0.038030 1.000000
9 0.328133 0.500000 0.038030 1.000000
9 0.366163 0.500000 0.038030 1.000000
10 0.139932 0.500000 0.038030 1.000000
10 0.177962 0.500000 0.038030 1.000000
10 0.216480 0.500000 0.038030 1.000000
10 0.254022 0.500000 0.038030 1.000000
10 0.291078 0.500000 0.038030 1.000000
11 0.026816 0.500000 0.038030 1.000000
11 0.064846 0.500000 0.038030 1.000000
11 0.102389 0.500000 0.038030 1.000000
