0 0.931253 0.500000 0.038030 1.000000
1 0.855680 0.500000 0.038030 1.000000
1 0.894198 0.500000 0.038030 1.000000
2 0.705022 0.500000 0.038030 1.000000
2 0.743540 0.500000 0.038030 1.000000
2 0.781570 0.500000 0.038030 1.000000
2 0.818137 0.500000 0.038030 1.000000
3 0.516821 0.500000 0.038030 1.000000
3 0.555339 0.500000 0.038030 1.000000
3 0.592882 0.500000 0.038030 1.000000
3 0.629937 0.500000 0.038030 1.000000
3 0.667479 0.500000 0.038030 1.000000
4 0.441248 0.500000 0.038030 1.000000
4 0.479278 0.500000 0.038030 1.000000
6 0.291078 0.500000 0.038030 1.000000
6 0.329595 0.500000 0.038030 1.000000
7 0.254022 0.500000 0.038030 1.000000
10 0.215505 0.500000 0.038030 1.000000
11 0.177962 0.500000 0.038030 1.000000
12 0.026816 0.500000 0.038030 1.000000
12 0.064846 0.500000 0.038030 1.000000
12 0.102389 0.500000 0.038030 1.000000
12 0.140907 0.500000 0.038030 1.000000
