0 0.892892 0.500000 0.037975 1.000000
0 0.930867 0.500000 0.037975 1.000000
1 0.629503 0.500000 0.037975 1.000000
1 0.666991 0.500000 0.037975 1.000000
1 0.704966 0.500000 0.037975 1.000000
1 0.743427 0.500000 0.037975 1.000000
1 0.780915 0.500000 0.037975 1.000000
1 0.817916 0.500000 0.037975 1.000000
1 0.855404 0.500000 0.037975 1.000000
2 0.592016 0.500000 0.037975 1.000000
3 0.479065 0.500000 0.037975 1.000000
3 0.516553 0.500000 0.037975 1.000000
3 0.554041 0.500000 0.037975 1.000000
4 0.442064 0.500000 0.037975 1.000000
5 0.357838 0.500000 0.037975 1.000000
5 0.365628 0.500000 0.037975 1.000000
5 0.403603 0.500000 0.037975 1.000000
8 0.290652 0.500000 0.037975 1.000000
8 0.328140 0.500000 0.037975 1.000000
9 0.215190 0.500000 0.037975 1.000000
9 0.252678 0.500000 0.037975 1.000000
12 0.064752 0.500000 0.037975 1.000000
12 0.102240 0.500000 0.037975 1.000000
12 0.139727 0.500000 0.037975 1.000000
12 0.178676 0.500000 0.037975 1.000000
14 0.022882 0.500000 0.037975 1.000000
