0 0.817916 0.500000 0.037975 1.000000
3 0.742454 0.500000 0.037975 1.000000
3 0.779942 0.500000 0.037975 1.000000
4 0.592502 0.500000 0.037975 1.000000
4 0.630477 0.500000 0.037975 1.000000
4 0.666991 0.500000 0.037975 1.000000
4 0.704966 0.500000 0.037975 1.000000
6 0.516553 0.500000 0.037975 1.000000
6 0.554041 0.500000 0.037975 1.000000
7 0.366115 0.500000 0.037975 1.000000
7 0.404576 0.500000 0.037975 1.000000
7 0.441091 0.500000 0.037975 1.000000
7 0.479065 0.500000 0.037975 1.000000
8 0.328140 0.500000 0.037975 1.000000
9 0.177702 0.500000 0.037975 1.000000
9 0.215190 0.500000 0.037975 1.000000
9 0.253165 0.500000 0.037975 1.000000
9 0.290652 0.500000 0.037975 1.000000
14 0.135833 0.500000 0.037975 1.000000
