1 0.761580 0.500000 0.038030 1.000000
1 0.799122 0.500000 0.038030 1.000000
1 0.837640 0.500000 0.038030 1.000000
2 0.724037 0.500000 0.038030 1.000000
4 0.649439 0.500000 0.038030 1.000000
4 0.686494 0.500000 0.038030 1.000000
6 0.497806 0.500000 0.038030 1.000000
6 0.535836 0.500000 0.038030 1.000000
6 0.573379 0.500000 0.038030 1.000000
7 0.309605 0.500000 0.038030 1.000000
7 0.347148 0.500000 0.038030 1.000000
7 0.385666 0.500000 0.038030 1.000000
7 0.422721 0.500000 0.038030 1.000000
7 0.460263 0.500000 0.038030 1.000000
8 0.234520 0.500000 0.038030 1.000000
8 0.272062 0.500000 0.038030 1.000000
9 0.158947 0.500000 0.038030 1.000000
9 0.196490 0.500000 0.038030 1.000000
11 0.121404 0.500000 0.038030 1.000000
