0 0.930867 0.500000 0.037975 1.000000
2 0.893379 0.500000 0.037975 1.000000
3 0.554041 0.500000 0.037975 1.000000
3 0.855404 0.500000 0.037975 1.000000
4 0.666991 0.500000 0.037975 1.000000
4 0.704966 0.500000 0.037975 1.000000
4 0.743427 0.500000 0.037975 1.000000
4 0.779942 0.500000 0.037975 1.000000
4 0.817916 0.500000 0.037975 1.000000
5 0.516553 0.500000 0.037975 1.000000
5 0.554041 0.500000 0.037975 1.000000
5 0.592016 0.500000 0.037975 1.000000
5 0.629503 0.500000 0.037975 1.000000
6 0.366115 0.500000 0.037975 1.000000
6 0.403603 0.500000 0.037975 1.000000
6 0.441091 0.500000 0.037975 1.000000
6 0.479065 0.500000 0.037975 1.000000
7 0.253165 0.500000 0.037975 1.000000
7 0.291626 0.500000 0.037975 1.000000
7 0.328140 0.500000 0.037975 1.000000
8 0.178676 0.500000 0.037975 1.000000
8 0.215190 0.500000 0.037975 1.000000
9 0.064752 0.500000 0.037975 1.000000
9 0.102240 0.500000 0.037975 1.000000
9 0.139727 0.500000 0.037975 1.000000
12 0.026777 0.500000 0.037975 1.000000
