2 0.817916 0.500000 0.037975 1.000000
2 0.855404 0.500000 0.037975 1.000000
2 0.892892 0.500000 0.037975 1.000000
2 0.930867 0.500000 0.037975 1.000000
3 0.666991 0.500000 0.037975 1.000000
3 0.704966 0.500000 0.037975 1.000000
3 0.742454 0.500000 0.037975 1.000000
3 0.780428 0.500000 0.037975 1.000000
4 0.592016 0.500000 0.037975 1.000000
6 0.554041 0.500000 0.037975 1.000000
7 0.328140 0.500000 0.037975 1.000000
7 0.366115 0.500000 0.037975 1.000000
7 0.403603 0.500000 0.037975 1.000000
7 0.442064 0.500000 0.037975 1.000000
7 0.479065 0.500000 0.037975 1.000000
7 0.516553 0.500000 0.037975 1.000000
9 0.215190 0.500000 0.037975 1.000000
9 0.253165 0.500000 0.037975 1.000000
9 0.291626 0.500000 0.037975 1.000000
10 0.139727 0.500000 0.037975 1.000000
10 0.178676 0.500000 0.037975 1.000000
11 0.102240 0.500000 0.037975 1.000000
12 0.065239 0.500000 0.037975 1.000000
14 0.022882 0.500000 0.037975 1.000000
