0 0.855404 0.500000 0.037975 1.000000
0 0.893866 0.500000 0.037975 1.000000
0 0.931840 0.500000 0.037975 1.000000
1 0.779942 0.500000 0.037975 1.000000
1 0.818890 0.500000 0.037975 1.000000
2 0.704966 0.500000 0.037975 1.000000
2 0.743427 0.500000 0.037975 1.000000
3 0.441091 0.500000 0.037975 1.000000
3 0.479065 0.500000 0.037975 1.000000
3 0.630477 0.500000 0.037975 1.000000
3 0.666991 0.500000 0.037975 1.000000
4 0.555015 0.500000 0.037975 1.000000
4 0.592502 0.500000 0.037975 1.000000
5 0.357838 0.500000 0.037975 1.000000
5 0.366115 0.500000 0.037975 1.000000
5 0.403603 0.500000 0.037975 1.000000
5 0.441091 0.500000 0.037975 1.000000
5 0.479065 0.500000 0.037975 1.000000
5 0.516553 0.500000 0.037975 1.000000
8 0.252678 0.500000 0.037975 1.000000
8 0.290652 0.500000 0.037975 1.000000
8 0.328140 0.500000 0.037975 1.000000
9 0.064752 0.500000 0.037975 1.000000
9 0.103213 0.500000 0.037975 1.000000
9 0.140701 0.500000 0.037975 1.000000
9 0.177702 0.500000 0.037975 1.000000
9 0.215190 0.500000 0.037975 1.000000
12 0.026777 0.500000 0.037975 1.000000
