0 0.630912 0.500000 0.038030 1.000000
0 0.818137 0.500000 0.038030 1.000000
0 0.856655 0.500000 0.038030 1.000000
0 0.894198 0.500000 0.038030 1.000000
0 0.931253 0.500000 0.038030 1.000000
1 0.780595 0.500000 0.038030 1.000000
3 0.667479 0.500000 0.038030 1.000000
3 0.705022 0.500000 0.038030 1.000000
3 0.743540 0.500000 0.038030 1.000000
6 0.441248 0.500000 0.038030 1.000000
6 0.478791 0.500000 0.038030 1.000000
6 0.516821 0.500000 0.038030 1.000000
6 0.554364 0.500000 0.038030 1.000000
6 0.592394 0.500000 0.038030 1.000000
7 0.404681 0.500000 0.038030 1.000000
8 0.253047 0.500000 0.038030 1.000000
8 0.291078 0.500000 0.038030 1.000000
8 0.329595 0.500000 0.038030 1.000000
8 0.366163 0.500000 0.038030 1.000000
9 0.215505 0.500000 0.038030 1.000000
10 0.102389 0.500000 0.038030 1.000000
10 0.140907 0.500000 0.038030 1.000000
10 0.178937 0.500000 0.038030 1.000000
11 0.027304 0.500000 0.038030 1.000000
11 0.065822 0.500000 0.038030 1.000000
