0 0.902629 0.500000 0.037975 1.000000
0 0.933301 0.500000 0.037975 1.000000
0 0.963486 0.500000 0.037975 1.000000
0 0.986855 0.500000 0.026290 1.000000
3 0.721032 0.500000 0.037975 1.000000
3 0.751704 0.500000 0.037975 1.000000
3 0.782376 0.500000 0.037975 1.000000
3 0.812561 0.500000 0.037975 1.000000
3 0.841772 0.500000 0.037975 1.000000
3 0.871957 0.500000 0.037975 1.000000
6 0.631451 0.500000 0.037975 1.000000
6 0.660662 0.500000 0.037975 1.000000
6 0.690847 0.500000 0.037975 1.000000
7 0.570107 0.500000 0.037975 1.000000
7 0.600292 0.500000 0.037975 1.000000
8 0.479552 0.500000 0.037975 1.000000
8 0.509737 0.500000 0.037975 1.000000
9 0.328627 0.500000 0.037975 1.000000
9 0.358812 0.500000 0.037975 1.000000
9 0.388997 0.500000 0.037975 1.000000
9 0.420156 0.500000 0.037975 1.000000
9 0.449367 0.500000 0.037975 1.000000
10 0.207887 0.500000 0.037975 1.000000
10 0.238072 0.500000 0.037975 1.000000
10 0.268257 0.500000 0.037975 1.000000
10 0.299416 0.500000 0.037975 1.000000
11 0.177702 0.500000 0.037975 1.000000
12 0.056962 0.500000 0.037975 1.000000
12 0.087147 0.500000 0.037975 1.000000
12 0.117332 0.500000 0.037975 1.000000
12 0.148491 0.500000 0.037975 1.000000
13 0.022882 0.500000 0.037975 1.000000
