0 0.894198 0.500000 0.038030 1.000000
0 0.931253 0.500000 0.038030 1.000000
2 0.819113 0.500000 0.038030 1.000000
2 0.855680 0.500000 0.038030 1.000000
3 0.667479 0.500000 0.038030 1.000000
3 0.705022 0.500000 0.038030 1.000000
3 0.743540 0.500000 0.038030 1.000000
3 0.780595 0.500000 0.038030 1.000000
4 0.554364 0.500000 0.038030 1.000000
4 0.630912 0.500000 0.038030 1.000000
5 0.328133 0.500000 0.038030 1.000000
5 0.366163 0.500000 0.038030 1.000000
5 0.403706 0.500000 0.038030 1.000000
5 0.441736 0.500000 0.038030 1.000000
5 0.480254 0.500000 0.038030 1.000000
5 0.516821 0.500000 0.038030 1.000000
7 0.291565 0.500000 0.038030 1.000000
9 0.253047 0.500000 0.038030 1.000000
11 0.102389 0.500000 0.038030 1.000000
11 0.140907 0.500000 0.038030 1.000000
11 0.177962 0.500000 0.038030 1.000000
11 0.215505 0.500000 0.038030 1.000000
12 0.064846 0.500000 0.038030 1.000000
13 0.022916 0.500000 0.038030 1.000000
