0 0.780107 0.500000 0.038030 1.000000
2 0.743052 0.500000 0.038030 1.000000
3 0.667479 0.500000 0.038030 1.000000
5 0.667479 0.500000 0.038030 1.000000
5 0.705997 0.500000 0.038030 1.000000
7 0.478791 0.500000 0.038030 1.000000
7 0.516821 0.500000 0.038030 1.000000
7 0.554364 0.500000 0.038030 1.000000
7 0.592882 0.500000 0.038030 1.000000
7 0.629937 0.500000 0.038030 1.000000
8 0.291078 0.500000 0.038030 1.000000
8 0.329595 0.500000 0.038030 1.000000
8 0.367138 0.500000 0.038030 1.000000
8 0.403706 0.500000 0.038030 1.000000
8 0.441736 0.500000 0.038030 1.000000
9 0.177474 0.500000 0.038030 1.000000
9 0.215505 0.500000 0.038030 1.000000
9 0.253047 0.500000 0.038030 1.000000
