1 0.837153 0.500000 0.038030 1.000000
1 0.874695 0.500000 0.038030 1.000000
2 0.648464 0.500000 0.038030 1.000000
2 0.686494 0.500000 0.038030 1.000000
2 0.724037 0.500000 0.038030 1.000000
2 0.762555 0.500000 0.038030 1.000000
2 0.799122 0.500000 0.038030 1.000000
3 0.611897 0.500000 0.038030 1.000000
5 0.384690 0.500000 0.038030 1.000000
5 0.422721 0.500000 0.038030 1.000000
5 0.460263 0.500000 0.038030 1.000000
5 0.497806 0.500000 0.038030 1.000000
5 0.535836 0.500000 0.038030 1.000000
6 0.309605 0.500000 0.038030 1.000000
6 0.347148 0.500000 0.038030 1.000000
10 0.234520 0.500000 0.038030 1.000000
10 0.272062 0.500000 0.038030 1.000000
11 0.122379 0.500000 0.038030 1.000000
11 0.158947 0.500000 0.038030 1.000000
11 0.196490 0.500000 0.038030 1.000000
12 0.083862 0.500000 0.038030 1.000000
