0 0.855404 0.500000 0.037975 1.000000
0 0.892892 0.500000 0.037975 1.000000
1 0.779942 0.500000 0.037975 1.000000
1 0.817916 0.500000 0.037975 1.000000
2 0.666991 0.500000 0.037975 1.000000
2 0.704966 0.500000 0.037975 1.000000
2 0.743427 0.500000 0.037975 1.000000
3 0.554041 0.500000 0.037975 1.000000
3 0.592016 0.500000 0.037975 1.000000
3 0.629503 0.500000 0.037975 1.000000
6 0.252678 0.500000 0.037975 1.000000
6 0.290652 0.500000 0.037975 1.000000
6 0.328140 0.500000 0.037975 1.000000
6 0.366115 0.500000 0.037975 1.000000
6 0.404576 0.500000 0.037975 1.000000
10 0.064752 0.500000 0.037975 1.000000
10 0.102240 0.500000 0.037975 1.000000
10 0.139727 0.500000 0.037975 1.000000
10 0.178676 0.500000 0.037975 1.000000
10 0.215190 0.500000 0.037975 1.000000
