0 0.893223 0.500000 0.038030 1.000000
0 0.932228 0.500000 0.038030 1.000000
1 0.818137 0.500000 0.038030 1.000000
1 0.856655 0.500000 0.038030 1.000000
2 0.780107 0.500000 0.038030 1.000000
3 0.554364 0.500000 0.038030 1.000000
3 0.591906 0.500000 0.038030 1.000000
3 0.629937 0.500000 0.038030 1.000000
3 0.667479 0.500000 0.038030 1.000000
3 0.705997 0.500000 0.038030 1.000000
3 0.743052 0.500000 0.038030 1.000000
5 0.516821 0.500000 0.038030 1.000000
6 0.479278 0.500000 0.038030 1.000000
7 0.441736 0.500000 0.038030 1.000000
8 0.403706 0.500000 0.038030 1.000000
10 0.366163 0.500000 0.038030 1.000000
11 0.291078 0.500000 0.038030 1.000000
11 0.328620 0.500000 0.038030 1.000000
12 0.102389 0.500000 0.038030 1.000000
12 0.140419 0.500000 0.038030 1.000000
12 0.177962 0.500000 0.038030 1.000000
12 0.216480 0.500000 0.038030 1.000000
12 0.253047 0.500000 0.038030 1.000000
13 0.060458 0.500000 0.038030 1.000000
14 0.022916 0.500000 0.038030 1.000000
