0 0.742454 0.500000 0.037975 1.000000
1 0.479065 0.500000 0.037975 1.000000
1 0.516553 0.500000 0.037975 1.000000
1 0.554041 0.500000 0.037975 1.000000
1 0.592016 0.500000 0.037975 1.000000
1 0.630477 0.500000 0.037975 1.000000
1 0.667965 0.500000 0.037975 1.000000
1 0.704966 0.500000 0.037975 1.000000
3 0.442064 0.500000 0.037975 1.000000
6 0.252678 0.500000 0.037975 1.000000
6 0.290652 0.500000 0.037975 1.000000
6 0.328140 0.500000 0.037975 1.000000
6 0.365628 0.500000 0.037975 1.000000
6 0.403603 0.500000 0.037975 1.000000
7 0.215190 0.500000 0.037975 1.000000
