15 0.817916 0.500000 0.037975 1.000000
16 0.779942 0.500000 0.037975 1.000000
22 0.705940 0.500000 0.037975 1.000000
22 0.743427 0.500000 0.037975 1.000000
24 0.666991 0.500000 0.037975 1.000000
33 0.479065 0.500000 0.037975 1.000000
33 0.516553 0.500000 0.037975 1.000000
34 0.555015 0.500000 0.037975 1.000000
35 0.592016 0.500000 0.037975 1.000000
35 0.629503 0.500000 0.037975 1.000000
40 0.290652 0.500000 0.037975 1.000000
40 0.328140 0.500000 0.037975 1.000000
41 0.366115 0.500000 0.037975 1.000000
41 0.403603 0.500000 0.037975 1.000000
43 0.441091 0.500000 0.037975 1.000000
45 0.139727 0.500000 0.037975 1.000000
45 0.177702 0.500000 0.037975 1.000000
46 0.216164 0.500000 0.037975 1.000000
47 0.252678 0.500000 0.037975 1.000000
