12 0.678988 0.500000 0.037938 1.000000
16 0.555447 0.500000 0.037938 1.000000
16 0.588035 0.500000 0.037938 1.000000
19 0.656615 0.500000 0.037938 1.000000
33 0.335603 0.500000 0.037938 1.000000
35 0.434339 0.500000 0.037938 1.000000
36 0.259728 0.500000 0.037938 1.000000
36 0.298152 0.500000 0.037938 1.000000
43 0.221790 0.500000 0.037938 1.000000
45 0.147374 0.500000 0.037938 1.000000
49 0.108949 0.500000 0.037938 1.000000
49 0.134241 0.500000 0.037938 1.000000
53 0.018969 0.500000 0.037938 1.000000
53 0.034533 0.500000 0.037938 1.000000
