0 0.818137 0.500000 0.038030 1.000000
1 0.855680 0.500000 0.038030 1.000000
2 0.894198 0.500000 0.038030 1.000000
3 0.931253 0.500000 0.038030 1.000000
12 0.742565 0.500000 0.038030 1.000000
13 0.780595 0.500000 0.038030 1.000000
16 0.591906 0.500000 0.038030 1.000000
16 0.629449 0.500000 0.038030 1.000000
18 0.668454 0.500000 0.038030 1.000000
19 0.705022 0.500000 0.038030 1.000000
24 0.403706 0.500000 0.038030 1.000000
24 0.441248 0.500000 0.038030 1.000000
25 0.479278 0.500000 0.038030 1.000000
26 0.517796 0.500000 0.038030 1.000000
27 0.554364 0.500000 0.038030 1.000000
34 0.329595 0.500000 0.038030 1.000000
35 0.366163 0.500000 0.038030 1.000000
36 0.215505 0.500000 0.038030 1.000000
38 0.254022 0.500000 0.038030 1.000000
39 0.291078 0.500000 0.038030 1.000000
42 0.178937 0.500000 0.038030 1.000000
44 0.064846 0.500000 0.038030 1.000000
46 0.103364 0.500000 0.038030 1.000000
47 0.140419 0.500000 0.038030 1.000000
52 0.022916 0.500000 0.038030 1.000000
