8 0.930867 0.500000 0.037975 1.000000
12 0.704966 0.500000 0.037975 1.000000
12 0.742454 0.500000 0.037975 1.000000
14 0.780915 0.500000 0.037975 1.000000
14 0.818890 0.500000 0.037975 1.000000
15 0.855404 0.500000 0.037975 1.000000
15 0.892892 0.500000 0.037975 1.000000
26 0.592502 0.500000 0.037975 1.000000
27 0.629503 0.500000 0.037975 1.000000
27 0.666991 0.500000 0.037975 1.000000
33 0.441091 0.500000 0.037975 1.000000
34 0.517527 0.500000 0.037975 1.000000
34 0.555015 0.500000 0.037975 1.000000
36 0.290652 0.500000 0.037975 1.000000
36 0.328140 0.500000 0.037975 1.000000
39 0.365628 0.500000 0.037975 1.000000
39 0.403603 0.500000 0.037975 1.000000
40 0.177702 0.500000 0.037975 1.000000
40 0.215190 0.500000 0.037975 1.000000
46 0.140701 0.500000 0.037975 1.000000
49 0.026777 0.500000 0.037975 1.000000
50 0.065239 0.500000 0.037975 1.000000
