0 0.893223 0.500000 0.038030 1.000000
3 0.931253 0.500000 0.038030 1.000000
5 0.855680 0.500000 0.038030 1.000000
9 0.780595 0.500000 0.038030 1.000000
9 0.818137 0.500000 0.038030 1.000000
14 0.743540 0.500000 0.038030 1.000000
19 0.705022 0.500000 0.038030 1.000000
21 0.592394 0.500000 0.038030 1.000000
22 0.630912 0.500000 0.038030 1.000000
23 0.667479 0.500000 0.038030 1.000000
28 0.403706 0.500000 0.038030 1.000000
29 0.441736 0.500000 0.038030 1.000000
29 0.479278 0.500000 0.038030 1.000000
30 0.517796 0.500000 0.038030 1.000000
31 0.554364 0.500000 0.038030 1.000000
33 0.215505 0.500000 0.038030 1.000000
34 0.254022 0.500000 0.038030 1.000000
34 0.291565 0.500000 0.038030 1.000000
35 0.328620 0.500000 0.038030 1.000000
35 0.366163 0.500000 0.038030 1.000000
36 0.102389 0.500000 0.038030 1.000000
36 0.139932 0.500000 0.038030 1.000000
37 0.177962 0.500000 0.038030 1.000000
41 0.064846 0.500000 0.038030 1.000000
44 0.026816 0.500000 0.038030 1.000000
