3 0.930867 0.500000 0.037975 1.000000
13 0.855404 0.500000 0.037975 1.000000
15 0.892892 0.500000 0.037975 1.000000
18 0.705940 0.500000 0.037975 1.000000
18 0.743427 0.500000 0.037975 1.000000
19 0.779942 0.500000 0.037975 1.000000
19 0.817916 0.500000 0.037975 1.000000
24 0.629503 0.500000 0.037975 1.000000
25 0.666991 0.500000 0.037975 1.000000
28 0.479065 0.500000 0.037975 1.000000
30 0.517527 0.500000 0.037975 1.000000
31 0.554041 0.500000 0.037975 1.000000
31 0.592016 0.500000 0.037975 1.000000
33 0.403603 0.500000 0.037975 1.000000
33 0.441091 0.500000 0.037975 1.000000
36 0.252678 0.500000 0.037975 1.000000
36 0.290652 0.500000 0.037975 1.000000
37 0.328140 0.500000 0.037975 1.000000
37 0.366115 0.500000 0.037975 1.000000
40 0.177702 0.500000 0.037975 1.000000
40 0.215190 0.500000 0.037975 1.000000
44 0.139727 0.500000 0.037975 1.000000
52 0.097858 0.500000 0.037975 1.000000
53 0.022882 0.500000 0.037975 1.000000
53 0.060857 0.500000 0.037975 1.000000
