1 0.893379 0.500000 0.037975 1.000000
3 0.930867 0.500000 0.037975 1.000000
7 0.817916 0.500000 0.037975 1.000000
7 0.855404 0.500000 0.037975 1.000000
8 0.704966 0.500000 0.037975 1.000000
8 0.742454 0.500000 0.037975 1.000000
10 0.780915 0.500000 0.037975 1.000000
13 0.592016 0.500000 0.037975 1.000000
13 0.629503 0.500000 0.037975 1.000000
15 0.666991 0.500000 0.037975 1.000000
21 0.479065 0.500000 0.037975 1.000000
24 0.290652 0.500000 0.037975 1.000000
24 0.328140 0.500000 0.037975 1.000000
25 0.366115 0.500000 0.037975 1.000000
25 0.403603 0.500000 0.037975 1.000000
26 0.442064 0.500000 0.037975 1.000000
30 0.216164 0.500000 0.037975 1.000000
31 0.252678 0.500000 0.037975 1.000000
40 0.026777 0.500000 0.037975 1.000000
41 0.064752 0.500000 0.037975 1.000000
41 0.102240 0.500000 0.037975 1.000000
42 0.140701 0.500000 0.037975 1.000000
43 0.177702 0.500000 0.037975 1.000000
