4 0.930765 0.500000 0.038030 1.000000
11 0.893223 0.500000 0.038030 1.000000
13 0.743052 0.500000 0.038030 1.000000
13 0.780595 0.500000 0.038030 1.000000
14 0.819113 0.500000 0.038030 1.000000
14 0.856655 0.500000 0.038030 1.000000
16 0.667479 0.500000 0.038030 1.000000
16 0.705022 0.500000 0.038030 1.000000
24 0.516821 0.500000 0.038030 1.000000
25 0.554364 0.500000 0.038030 1.000000
27 0.592394 0.500000 0.038030 1.000000
28 0.403706 0.500000 0.038030 1.000000
29 0.441736 0.500000 0.038030 1.000000
29 0.479278 0.500000 0.038030 1.000000
37 0.253047 0.500000 0.038030 1.000000
37 0.291078 0.500000 0.038030 1.000000
38 0.329595 0.500000 0.038030 1.000000
38 0.367138 0.500000 0.038030 1.000000
41 0.177962 0.500000 0.038030 1.000000
42 0.216480 0.500000 0.038030 1.000000
47 0.140419 0.500000 0.038030 1.000000
48 0.102389 0.500000 0.038030 1.000000
52 0.060458 0.500000 0.038030 1.000000
53 0.022916 0.500000 0.038030 1.000000
