4 0.544747 0.500000 0.037938 1.000000
5 0.574903 0.500000 0.037938 1.000000
5 0.636187 0.500000 0.037938 1.000000
6 0.666342 0.500000 0.037938 1.000000
6 0.695525 0.500000 0.037938 1.000000
7 0.750000 0.500000 0.037938 1.000000
14 0.364786 0.500000 0.037938 1.000000
24 0.061770 0.500000 0.037938 1.000000
25 0.111381 0.500000 0.037938 1.000000
25 0.213521 0.500000 0.037938 1.000000
27 0.303502 0.500000 0.037938 1.000000
27 0.334630 0.500000 0.037938 1.000000
29 0.032588 0.500000 0.037938 1.000000
