8 0.817916 0.500000 0.037975 1.000000
9 0.855404 0.500000 0.037975 1.000000
11 0.892892 0.500000 0.037975 1.000000
11 0.930867 0.500000 0.037975 1.000000
12 0.666991 0.500000 0.037975 1.000000
12 0.704966 0.500000 0.037975 1.000000
13 0.742454 0.500000 0.037975 1.000000
13 0.780428 0.500000 0.037975 1.000000
16 0.592016 0.500000 0.037975 1.000000
17 0.629503 0.500000 0.037975 1.000000
25 0.554041 0.500000 0.037975 1.000000
28 0.328140 0.500000 0.037975 1.000000
28 0.366115 0.500000 0.037975 1.000000
29 0.403603 0.500000 0.037975 1.000000
30 0.442064 0.500000 0.037975 1.000000
31 0.479065 0.500000 0.037975 1.000000
31 0.516553 0.500000 0.037975 1.000000
36 0.215190 0.500000 0.037975 1.000000
37 0.253165 0.500000 0.037975 1.000000
38 0.291626 0.500000 0.037975 1.000000
40 0.139727 0.500000 0.037975 1.000000
42 0.178676 0.500000 0.037975 1.000000
44 0.102240 0.500000 0.037975 1.000000
50 0.065239 0.500000 0.037975 1.000000
53 0.022882 0.500000 0.037975 1.000000
