4 0.723466 0.500000 0.037975 1.000000
6 0.762415 0.500000 0.037975 1.000000
24 0.648491 0.500000 0.037975 1.000000
25 0.685979 0.500000 0.037975 1.000000
28 0.422103 0.500000 0.037975 1.000000
28 0.460078 0.500000 0.037975 1.000000
29 0.497566 0.500000 0.037975 1.000000
29 0.535540 0.500000 0.037975 1.000000
30 0.574002 0.500000 0.037975 1.000000
31 0.610516 0.500000 0.037975 1.000000
48 0.196203 0.500000 0.037975 1.000000
49 0.271665 0.500000 0.037975 1.000000
50 0.310127 0.500000 0.037975 1.000000
51 0.347128 0.500000 0.037975 1.000000
51 0.384615 0.500000 0.037975 1.000000
