4 0.595817 0.500000 0.037938 1.000000
4 0.634241 0.500000 0.037938 1.000000
5 0.656615 0.500000 0.037938 1.000000
5 0.698444 0.500000 0.037938 1.000000
6 0.715953 0.500000 0.037938 1.000000
6 0.761673 0.500000 0.037938 1.000000
9 0.513132 0.500000 0.037938 1.000000
11 0.546693 0.500000 0.037938 1.000000
13 0.407588 0.500000 0.037938 1.000000
14 0.434339 0.500000 0.037938 1.000000
14 0.475681 0.500000 0.037938 1.000000
24 0.134241 0.500000 0.037938 1.000000
25 0.144942 0.500000 0.037938 1.000000
25 0.219358 0.500000 0.037938 1.000000
27 0.249514 0.500000 0.037938 1.000000
27 0.294747 0.500000 0.037938 1.000000
29 0.107490 0.500000 0.037938 1.000000
42 0.018969 0.500000 0.037938 1.000000
42 0.031128 0.500000 0.037938 1.000000
43 0.049611 0.500000 0.037938 1.000000
43 0.068580 0.500000 0.037938 1.000000
