0 0.855404 0.500000 0.037975 1.000000
2 0.893866 0.500000 0.037975 1.000000
2 0.931840 0.500000 0.037975 1.000000
4 0.779942 0.500000 0.037975 1.000000
6 0.818890 0.500000 0.037975 1.000000
8 0.704966 0.500000 0.037975 1.000000
10 0.743427 0.500000 0.037975 1.000000
14 0.630477 0.500000 0.037975 1.000000
15 0.666991 0.500000 0.037975 1.000000
18 0.555015 0.500000 0.037975 1.000000
18 0.592502 0.500000 0.037975 1.000000
20 0.357838 0.500000 0.037975 1.000000
20 0.366115 0.500000 0.037975 1.000000
20 0.403603 0.500000 0.037975 1.000000
21 0.441091 0.500000 0.037975 1.000000
21 0.479065 0.500000 0.037975 1.000000
23 0.516553 0.500000 0.037975 1.000000
32 0.252678 0.500000 0.037975 1.000000
32 0.290652 0.500000 0.037975 1.000000
33 0.328140 0.500000 0.037975 1.000000
37 0.064752 0.500000 0.037975 1.000000
38 0.103213 0.500000 0.037975 1.000000
38 0.140701 0.500000 0.037975 1.000000
39 0.177702 0.500000 0.037975 1.000000
39 0.215190 0.500000 0.037975 1.000000
51 0.026777 0.500000 0.037975 1.000000
