0 0.704966 0.500000 0.037975 1.000000
1 0.742454 0.500000 0.037975 1.000000
3 0.779942 0.500000 0.037975 1.000000
6 0.667965 0.500000 0.037975 1.000000
8 0.516553 0.500000 0.037975 1.000000
9 0.554041 0.500000 0.037975 1.000000
10 0.592502 0.500000 0.037975 1.000000
10 0.630477 0.500000 0.037975 1.000000
18 0.479552 0.500000 0.037975 1.000000
44 0.328140 0.500000 0.037975 1.000000
45 0.366115 0.500000 0.037975 1.000000
47 0.403603 0.500000 0.037975 1.000000
47 0.441091 0.500000 0.037975 1.000000
48 0.177702 0.500000 0.037975 1.000000
48 0.215190 0.500000 0.037975 1.000000
50 0.253651 0.500000 0.037975 1.000000
51 0.290652 0.500000 0.037975 1.000000
