0 0.818137 0.500000 0.038030 1.000000
2 0.630912 0.500000 0.038030 1.000000
2 0.856655 0.500000 0.038030 1.000000
2 0.894198 0.500000 0.038030 1.000000
3 0.931253 0.500000 0.038030 1.000000
7 0.780595 0.500000 0.038030 1.000000
12 0.667479 0.500000 0.038030 1.000000
12 0.705022 0.500000 0.038030 1.000000
24 0.478791 0.500000 0.038030 1.000000
25 0.516821 0.500000 0.038030 1.000000
27 0.554364 0.500000 0.038030 1.000000
27 0.592394 0.500000 0.038030 1.000000
32 0.253047 0.500000 0.038030 1.000000
33 0.291078 0.500000 0.038030 1.000000
34 0.329595 0.500000 0.038030 1.000000
35 0.366163 0.500000 0.038030 1.000000
39 0.215505 0.500000 0.038030 1.000000
41 0.102389 0.500000 0.038030 1.000000
42 0.140907 0.500000 0.038030 1.000000
42 0.178937 0.500000 0.038030 1.000000
45 0.027304 0.500000 0.038030 1.000000
46 0.065822 0.500000 0.038030 1.000000
