3 0.931253 0.500000 0.038030 1.000000
5 0.855680 0.500000 0.038030 1.000000
7 0.893223 0.500000 0.038030 1.000000
28 0.705022 0.500000 0.038030 1.000000
28 0.742565 0.500000 0.038030 1.000000
29 0.780595 0.500000 0.038030 1.000000
29 0.818137 0.500000 0.038030 1.000000
32 0.629449 0.500000 0.038030 1.000000
35 0.667479 0.500000 0.038030 1.000000
36 0.366163 0.500000 0.038030 1.000000
36 0.403706 0.500000 0.038030 1.000000
37 0.441736 0.500000 0.038030 1.000000
37 0.479278 0.500000 0.038030 1.000000
38 0.517796 0.500000 0.038030 1.000000
39 0.554364 0.500000 0.038030 1.000000
39 0.592394 0.500000 0.038030 1.000000
43 0.291078 0.500000 0.038030 1.000000
43 0.328620 0.500000 0.038030 1.000000
44 0.177474 0.500000 0.038030 1.000000
46 0.216480 0.500000 0.038030 1.000000
47 0.253047 0.500000 0.038030 1.000000
48 0.064846 0.500000 0.038030 1.000000
49 0.102389 0.500000 0.038030 1.000000
51 0.140419 0.500000 0.038030 1.000000
53 0.022916 0.500000 0.038030 1.000000
