4 0.893379 0.500000 0.037975 1.000000
4 0.930867 0.500000 0.037975 1.000000
15 0.855404 0.500000 0.037975 1.000000
22 0.743427 0.500000 0.037975 1.000000
22 0.780915 0.500000 0.037975 1.000000
24 0.704966 0.500000 0.037975 1.000000
28 0.592016 0.500000 0.037975 1.000000
31 0.666991 0.500000 0.037975 1.000000
33 0.403603 0.500000 0.037975 1.000000
33 0.441091 0.500000 0.037975 1.000000
34 0.479552 0.500000 0.037975 1.000000
35 0.516553 0.500000 0.037975 1.000000
35 0.554041 0.500000 0.037975 1.000000
40 0.215190 0.500000 0.037975 1.000000
40 0.252678 0.500000 0.037975 1.000000
41 0.290652 0.500000 0.037975 1.000000
41 0.328140 0.500000 0.037975 1.000000
43 0.365628 0.500000 0.037975 1.000000
44 0.026777 0.500000 0.037975 1.000000
45 0.064752 0.500000 0.037975 1.000000
45 0.102240 0.500000 0.037975 1.000000
46 0.140701 0.500000 0.037975 1.000000
47 0.177702 0.500000 0.037975 1.000000
