4 0.656615 0.500000 0.037938 1.000000
4 0.750000 0.500000 0.037938 1.000000
16 0.546693 0.500000 0.037938 1.000000
16 0.595817 0.500000 0.037938 1.000000
28 0.358949 0.500000 0.037938 1.000000
28 0.407588 0.500000 0.037938 1.000000
29 0.434339 0.500000 0.037938 1.000000
30 0.475681 0.500000 0.037938 1.000000
30 0.513132 0.500000 0.037938 1.000000
32 0.107490 0.500000 0.037938 1.000000
33 0.134241 0.500000 0.037938 1.000000
33 0.143969 0.500000 0.037938 1.000000
34 0.219358 0.500000 0.037938 1.000000
34 0.249514 0.500000 0.037938 1.000000
35 0.294747 0.500000 0.037938 1.000000
35 0.332198 0.500000 0.037938 1.000000
49 0.018969 0.500000 0.037938 1.000000
49 0.031128 0.500000 0.037938 1.000000
51 0.049611 0.500000 0.037938 1.000000
51 0.069553 0.500000 0.037938 1.000000
