0 0.893223 0.500000 0.038030 1.000000
0 0.930765 0.500000 0.038030 1.000000
12 0.667479 0.500000 0.038030 1.000000
13 0.705022 0.500000 0.038030 1.000000
13 0.743052 0.500000 0.038030 1.000000
14 0.781570 0.500000 0.038030 1.000000
15 0.818137 0.500000 0.038030 1.000000
15 0.855680 0.500000 0.038030 1.000000
16 0.629449 0.500000 0.038030 1.000000
21 0.516821 0.500000 0.038030 1.000000
22 0.555339 0.500000 0.038030 1.000000
23 0.592394 0.500000 0.038030 1.000000
28 0.441248 0.500000 0.038030 1.000000
28 0.478791 0.500000 0.038030 1.000000
33 0.366163 0.500000 0.038030 1.000000
41 0.328620 0.500000 0.038030 1.000000
44 0.177474 0.500000 0.038030 1.000000
46 0.216480 0.500000 0.038030 1.000000
46 0.254022 0.500000 0.038030 1.000000
47 0.291078 0.500000 0.038030 1.000000
49 0.102389 0.500000 0.038030 1.000000
50 0.140907 0.500000 0.038030 1.000000
52 0.060458 0.500000 0.038030 1.000000
53 0.022916 0.500000 0.038030 1.000000
