5 0.931253 0.500000 0.038030 1.000000
8 0.705022 0.500000 0.038030 1.000000
9 0.743052 0.500000 0.038030 1.000000
9 0.780595 0.500000 0.038030 1.000000
10 0.819113 0.500000 0.038030 1.000000
11 0.855680 0.500000 0.038030 1.000000
14 0.668454 0.500000 0.038030 1.000000
17 0.629937 0.500000 0.038030 1.000000
20 0.441248 0.500000 0.038030 1.000000
20 0.478791 0.500000 0.038030 1.000000
21 0.516821 0.500000 0.038030 1.000000
21 0.554364 0.500000 0.038030 1.000000
23 0.592394 0.500000 0.038030 1.000000
27 0.366163 0.500000 0.038030 1.000000
27 0.403706 0.500000 0.038030 1.000000
38 0.254022 0.500000 0.038030 1.000000
39 0.291078 0.500000 0.038030 1.000000
39 0.328620 0.500000 0.038030 1.000000
41 0.177962 0.500000 0.038030 1.000000
43 0.215505 0.500000 0.038030 1.000000
46 0.065822 0.500000 0.038030 1.000000
47 0.102389 0.500000 0.038030 1.000000
47 0.140419 0.500000 0.038030 1.000000
49 0.027304 0.500000 0.038030 1.000000
