0 0.930867 0.500000 0.037975 1.000000
4 0.893379 0.500000 0.037975 1.000000
12 0.704966 0.500000 0.037975 1.000000
12 0.742454 0.500000 0.037975 1.000000
13 0.780428 0.500000 0.037975 1.000000
13 0.817916 0.500000 0.037975 1.000000
14 0.856378 0.500000 0.037975 1.000000
16 0.592016 0.500000 0.037975 1.000000
17 0.629503 0.500000 0.037975 1.000000
18 0.667965 0.500000 0.037975 1.000000
26 0.555015 0.500000 0.037975 1.000000
32 0.516553 0.500000 0.037975 1.000000
37 0.328140 0.500000 0.037975 1.000000
37 0.366115 0.500000 0.037975 1.000000
38 0.404576 0.500000 0.037975 1.000000
39 0.441091 0.500000 0.037975 1.000000
39 0.479065 0.500000 0.037975 1.000000
40 0.026777 0.500000 0.037975 1.000000
40 0.064752 0.500000 0.037975 1.000000
41 0.102240 0.500000 0.037975 1.000000
41 0.139727 0.500000 0.037975 1.000000
42 0.178676 0.500000 0.037975 1.000000
42 0.216164 0.500000 0.037975 1.000000
43 0.252678 0.500000 0.037975 1.000000
43 0.290652 0.500000 0.037975 1.000000
