1 0.930867 0.500000 0.037975 1.000000
6 0.856378 0.500000 0.037975 1.000000
7 0.892892 0.500000 0.037975 1.000000
9 0.742454 0.500000 0.037975 1.000000
9 0.780428 0.500000 0.037975 1.000000
11 0.817916 0.500000 0.037975 1.000000
13 0.554041 0.500000 0.037975 1.000000
13 0.592016 0.500000 0.037975 1.000000
14 0.630477 0.500000 0.037975 1.000000
14 0.667965 0.500000 0.037975 1.000000
15 0.704966 0.500000 0.037975 1.000000
17 0.479065 0.500000 0.037975 1.000000
18 0.517527 0.500000 0.037975 1.000000
25 0.403603 0.500000 0.037975 1.000000
25 0.441091 0.500000 0.037975 1.000000
28 0.215190 0.500000 0.037975 1.000000
28 0.252678 0.500000 0.037975 1.000000
29 0.290652 0.500000 0.037975 1.000000
31 0.365628 0.500000 0.037975 1.000000
36 0.177702 0.500000 0.037975 1.000000
45 0.102240 0.500000 0.037975 1.000000
45 0.139727 0.500000 0.037975 1.000000
48 0.026777 0.500000 0.037975 1.000000
48 0.064752 0.500000 0.037975 1.000000
