0 0.893223 0.500000 0.038030 1.000000
3 0.931253 0.500000 0.038030 1.000000
4 0.667479 0.500000 0.038030 1.000000
4 0.705022 0.500000 0.038030 1.000000
5 0.743052 0.500000 0.038030 1.000000
5 0.780595 0.500000 0.038030 1.000000
7 0.818137 0.500000 0.038030 1.000000
7 0.855680 0.500000 0.038030 1.000000
20 0.441248 0.500000 0.038030 1.000000
20 0.478791 0.500000 0.038030 1.000000
21 0.516821 0.500000 0.038030 1.000000
22 0.555339 0.500000 0.038030 1.000000
23 0.592394 0.500000 0.038030 1.000000
28 0.403706 0.500000 0.038030 1.000000
36 0.253047 0.500000 0.038030 1.000000
36 0.290590 0.500000 0.038030 1.000000
37 0.328620 0.500000 0.038030 1.000000
38 0.367138 0.500000 0.038030 1.000000
40 0.177474 0.500000 0.038030 1.000000
41 0.215505 0.500000 0.038030 1.000000
44 0.102389 0.500000 0.038030 1.000000
45 0.140419 0.500000 0.038030 1.000000
49 0.027304 0.500000 0.038030 1.000000
51 0.064846 0.500000 0.038030 1.000000
