1 0.931253 0.500000 0.038030 1.000000
4 0.818137 0.500000 0.038030 1.000000
4 0.855680 0.500000 0.038030 1.000000
7 0.893223 0.500000 0.038030 1.000000
8 0.705022 0.500000 0.038030 1.000000
10 0.743540 0.500000 0.038030 1.000000
10 0.781570 0.500000 0.038030 1.000000
15 0.667479 0.500000 0.038030 1.000000
16 0.554364 0.500000 0.038030 1.000000
16 0.591906 0.500000 0.038030 1.000000
18 0.630912 0.500000 0.038030 1.000000
24 0.328133 0.500000 0.038030 1.000000
25 0.366163 0.500000 0.038030 1.000000
27 0.403706 0.500000 0.038030 1.000000
31 0.291078 0.500000 0.038030 1.000000
32 0.215505 0.500000 0.038030 1.000000
34 0.254022 0.500000 0.038030 1.000000
41 0.177962 0.500000 0.038030 1.000000
48 0.026816 0.500000 0.038030 1.000000
50 0.065822 0.500000 0.038030 1.000000
50 0.103364 0.500000 0.038030 1.000000
51 0.140419 0.500000 0.038030 1.000000
