0 0.724037 0.500000 0.038030 1.000000
1 0.761580 0.500000 0.038030 1.000000
2 0.800098 0.500000 0.038030 1.000000
2 0.837640 0.500000 0.038030 1.000000
4 0.573379 0.500000 0.038030 1.000000
6 0.611897 0.500000 0.038030 1.000000
7 0.648464 0.500000 0.038030 1.000000
7 0.686494 0.500000 0.038030 1.000000
11 0.535836 0.500000 0.038030 1.000000
12 0.422721 0.500000 0.038030 1.000000
12 0.460263 0.500000 0.038030 1.000000
14 0.498781 0.500000 0.038030 1.000000
17 0.272062 0.500000 0.038030 1.000000
18 0.310580 0.500000 0.038030 1.000000
18 0.348123 0.500000 0.038030 1.000000
19 0.385178 0.500000 0.038030 1.000000
26 0.197465 0.500000 0.038030 1.000000
27 0.234520 0.500000 0.038030 1.000000
52 0.154559 0.500000 0.038030 1.000000
53 0.117016 0.500000 0.038030 1.000000
