1 0.817916 0.500000 0.037975 1.000000
2 0.856378 0.500000 0.037975 1.000000
3 0.892892 0.500000 0.037975 1.000000
3 0.930867 0.500000 0.037975 1.000000
6 0.780915 0.500000 0.037975 1.000000
12 0.629503 0.500000 0.037975 1.000000
13 0.666991 0.500000 0.037975 1.000000
14 0.705940 0.500000 0.037975 1.000000
15 0.742454 0.500000 0.037975 1.000000
20 0.554041 0.500000 0.037975 1.000000
22 0.592502 0.500000 0.037975 1.000000
32 0.516553 0.500000 0.037975 1.000000
36 0.290652 0.500000 0.037975 1.000000
36 0.328140 0.500000 0.037975 1.000000
37 0.403603 0.500000 0.037975 1.000000
39 0.479065 0.500000 0.037975 1.000000
44 0.139727 0.500000 0.037975 1.000000
45 0.177702 0.500000 0.037975 1.000000
45 0.215190 0.500000 0.037975 1.000000
47 0.252678 0.500000 0.037975 1.000000
51 0.102240 0.500000 0.037975 1.000000
53 0.022882 0.500000 0.037975 1.000000
