0 0.893223 0.500000 0.038030 1.000000
2 0.932228 0.500000 0.038030 1.000000
7 0.855680 0.500000 0.038030 1.000000
9 0.818137 0.500000 0.038030 1.000000
13 0.743052 0.500000 0.038030 1.000000
14 0.781570 0.500000 0.038030 1.000000
21 0.629937 0.500000 0.038030 1.000000
22 0.668454 0.500000 0.038030 1.000000
23 0.705022 0.500000 0.038030 1.000000
27 0.592394 0.500000 0.038030 1.000000
28 0.554364 0.500000 0.038030 1.000000
33 0.479278 0.500000 0.038030 1.000000
35 0.516821 0.500000 0.038030 1.000000
37 0.441736 0.500000 0.038030 1.000000
44 0.253047 0.500000 0.038030 1.000000
45 0.291078 0.500000 0.038030 1.000000
45 0.328620 0.500000 0.038030 1.000000
46 0.367138 0.500000 0.038030 1.000000
47 0.403706 0.500000 0.038030 1.000000
48 0.064846 0.500000 0.038030 1.000000
48 0.102389 0.500000 0.038030 1.000000
50 0.140907 0.500000 0.038030 1.000000
51 0.177962 0.500000 0.038030 1.000000
51 0.215505 0.500000 0.038030 1.000000
53 0.022916 0.500000 0.038030 1.000000
