2 0.932228 0.500000 0.038030 1.000000
4 0.818137 0.500000 0.038030 1.000000
6 0.894198 0.500000 0.038030 1.000000
11 0.780595 0.500000 0.038030 1.000000
17 0.667479 0.500000 0.038030 1.000000
18 0.705997 0.500000 0.038030 1.000000
19 0.743052 0.500000 0.038030 1.000000
25 0.554364 0.500000 0.038030 1.000000
27 0.592394 0.500000 0.038030 1.000000
27 0.629937 0.500000 0.038030 1.000000
28 0.366163 0.500000 0.038030 1.000000
28 0.403706 0.500000 0.038030 1.000000
30 0.442223 0.500000 0.038030 1.000000
31 0.479278 0.500000 0.038030 1.000000
35 0.291078 0.500000 0.038030 1.000000
35 0.328620 0.500000 0.038030 1.000000
36 0.215505 0.500000 0.038030 1.000000
36 0.253047 0.500000 0.038030 1.000000
45 0.177962 0.500000 0.038030 1.000000
48 0.026816 0.500000 0.038030 1.000000
48 0.064846 0.500000 0.038030 1.000000
51 0.140419 0.500000 0.038030 1.000000
