1 0.893710 0.500000 0.038030 1.000000
2 0.932228 0.500000 0.038030 1.000000
4 0.818137 0.500000 0.038030 1.000000
6 0.856655 0.500000 0.038030 1.000000
9 0.780595 0.500000 0.038030 1.000000
21 0.629937 0.500000 0.038030 1.000000
22 0.668454 0.500000 0.038030 1.000000
22 0.705997 0.500000 0.038030 1.000000
23 0.743052 0.500000 0.038030 1.000000
31 0.592394 0.500000 0.038030 1.000000
32 0.403706 0.500000 0.038030 1.000000
33 0.441736 0.500000 0.038030 1.000000
33 0.479278 0.500000 0.038030 1.000000
35 0.516821 0.500000 0.038030 1.000000
35 0.554364 0.500000 0.038030 1.000000
36 0.328133 0.500000 0.038030 1.000000
37 0.366163 0.500000 0.038030 1.000000
40 0.139932 0.500000 0.038030 1.000000
41 0.177962 0.500000 0.038030 1.000000
42 0.216480 0.500000 0.038030 1.000000
42 0.254022 0.500000 0.038030 1.000000
43 0.291078 0.500000 0.038030 1.000000
44 0.026816 0.500000 0.038030 1.000000
47 0.064846 0.500000 0.038030 1.000000
47 0.102389 0.500000 0.038030 1.000000
