5 0.837153 0.500000 0.038030 1.000000
5 0.874695 0.500000 0.038030 1.000000
8 0.648464 0.500000 0.038030 1.000000
9 0.686494 0.500000 0.038030 1.000000
9 0.724037 0.500000 0.038030 1.000000
10 0.762555 0.500000 0.038030 1.000000
14 0.611897 0.500000 0.038030 1.000000
17 0.573379 0.500000 0.038030 1.000000
20 0.384690 0.500000 0.038030 1.000000
20 0.422721 0.500000 0.038030 1.000000
21 0.460263 0.500000 0.038030 1.000000
21 0.497806 0.500000 0.038030 1.000000
23 0.535836 0.500000 0.038030 1.000000
27 0.309605 0.500000 0.038030 1.000000
27 0.347148 0.500000 0.038030 1.000000
41 0.234520 0.500000 0.038030 1.000000
43 0.272062 0.500000 0.038030 1.000000
46 0.122379 0.500000 0.038030 1.000000
47 0.158947 0.500000 0.038030 1.000000
47 0.196490 0.500000 0.038030 1.000000
49 0.083862 0.500000 0.038030 1.000000
