3 0.931253 0.500000 0.038030 1.000000
7 0.893223 0.500000 0.038030 1.000000
8 0.742565 0.500000 0.038030 1.000000
8 0.780107 0.500000 0.038030 1.000000
9 0.818137 0.500000 0.038030 1.000000
11 0.855680 0.500000 0.038030 1.000000
12 0.591906 0.500000 0.038030 1.000000
12 0.629449 0.500000 0.038030 1.000000
13 0.667479 0.500000 0.038030 1.000000
13 0.705022 0.500000 0.038030 1.000000
16 0.516821 0.500000 0.038030 1.000000
18 0.555339 0.500000 0.038030 1.000000
22 0.442223 0.500000 0.038030 1.000000
22 0.480254 0.500000 0.038030 1.000000
28 0.328133 0.500000 0.038030 1.000000
28 0.366163 0.500000 0.038030 1.000000
29 0.403706 0.500000 0.038030 1.000000
36 0.215505 0.500000 0.038030 1.000000
39 0.253047 0.500000 0.038030 1.000000
39 0.291078 0.500000 0.038030 1.000000
40 0.102389 0.500000 0.038030 1.000000
41 0.140419 0.500000 0.038030 1.000000
43 0.177962 0.500000 0.038030 1.000000
46 0.028279 0.500000 0.038030 1.000000
47 0.064846 0.500000 0.038030 1.000000
