3 0.931253 0.500000 0.038030 1.000000
5 0.855680 0.500000 0.038030 1.000000
6 0.894198 0.500000 0.038030 1.000000
8 0.705022 0.500000 0.038030 1.000000
10 0.743540 0.500000 0.038030 1.000000
10 0.781570 0.500000 0.038030 1.000000
11 0.818137 0.500000 0.038030 1.000000
12 0.516821 0.500000 0.038030 1.000000
14 0.555339 0.500000 0.038030 1.000000
14 0.592882 0.500000 0.038030 1.000000
15 0.629937 0.500000 0.038030 1.000000
15 0.667479 0.500000 0.038030 1.000000
16 0.441248 0.500000 0.038030 1.000000
19 0.479278 0.500000 0.038030 1.000000
25 0.291078 0.500000 0.038030 1.000000
26 0.329595 0.500000 0.038030 1.000000
30 0.254022 0.500000 0.038030 1.000000
41 0.215505 0.500000 0.038030 1.000000
47 0.177962 0.500000 0.038030 1.000000
48 0.026816 0.500000 0.038030 1.000000
48 0.064846 0.500000 0.038030 1.000000
49 0.102389 0.500000 0.038030 1.000000
50 0.140907 0.500000 0.038030 1.000000
