2 0.819113 0.500000 0.038030 1.000000
2 0.856655 0.500000 0.038030 1.000000
3 0.893223 0.500000 0.038030 1.000000
3 0.931253 0.500000 0.038030 1.000000
11 0.780595 0.500000 0.038030 1.000000
12 0.742565 0.500000 0.038030 1.000000
20 0.667479 0.500000 0.038030 1.000000
22 0.705997 0.500000 0.038030 1.000000
25 0.554364 0.500000 0.038030 1.000000
26 0.592882 0.500000 0.038030 1.000000
26 0.630912 0.500000 0.038030 1.000000
32 0.441248 0.500000 0.038030 1.000000
33 0.479278 0.500000 0.038030 1.000000
34 0.517796 0.500000 0.038030 1.000000
39 0.403706 0.500000 0.038030 1.000000
40 0.253047 0.500000 0.038030 1.000000
40 0.290590 0.500000 0.038030 1.000000
41 0.328620 0.500000 0.038030 1.000000
41 0.366163 0.500000 0.038030 1.000000
45 0.102389 0.500000 0.038030 1.000000
46 0.140907 0.500000 0.038030 1.000000
46 0.178937 0.500000 0.038030 1.000000
47 0.215505 0.500000 0.038030 1.000000
50 0.028279 0.500000 0.038030 1.000000
51 0.064846 0.500000 0.038030 1.000000
