1 0.893379 0.500000 0.037975 1.000000
2 0.931840 0.500000 0.037975 1.000000
6 0.856378 0.500000 0.037975 1.000000
8 0.817916 0.500000 0.037975 1.000000
16 0.666991 0.500000 0.037975 1.000000
17 0.704966 0.500000 0.037975 1.000000
18 0.743427 0.500000 0.037975 1.000000
24 0.554041 0.500000 0.037975 1.000000
25 0.592016 0.500000 0.037975 1.000000
27 0.629503 0.500000 0.037975 1.000000
28 0.403603 0.500000 0.037975 1.000000
28 0.441091 0.500000 0.037975 1.000000
29 0.479065 0.500000 0.037975 1.000000
29 0.516553 0.500000 0.037975 1.000000
38 0.329114 0.500000 0.037975 1.000000
38 0.366602 0.500000 0.037975 1.000000
41 0.215190 0.500000 0.037975 1.000000
43 0.252678 0.500000 0.037975 1.000000
43 0.290652 0.500000 0.037975 1.000000
50 0.065239 0.500000 0.037975 1.000000
51 0.102240 0.500000 0.037975 1.000000
51 0.139727 0.500000 0.037975 1.000000
53 0.022882 0.500000 0.037975 1.000000
