2 0.932228 0.500000 0.038030 1.000000
4 0.855680 0.500000 0.038030 1.000000
7 0.893223 0.500000 0.038030 1.000000
10 0.781570 0.500000 0.038030 1.000000
11 0.818137 0.500000 0.038030 1.000000
14 0.668454 0.500000 0.038030 1.000000
14 0.705997 0.500000 0.038030 1.000000
20 0.403706 0.500000 0.038030 1.000000
20 0.441248 0.500000 0.038030 1.000000
21 0.479278 0.500000 0.038030 1.000000
21 0.516821 0.500000 0.038030 1.000000
22 0.555339 0.500000 0.038030 1.000000
23 0.592394 0.500000 0.038030 1.000000
26 0.329595 0.500000 0.038030 1.000000
27 0.366163 0.500000 0.038030 1.000000
28 0.177474 0.500000 0.038030 1.000000
29 0.215505 0.500000 0.038030 1.000000
29 0.253047 0.500000 0.038030 1.000000
30 0.291565 0.500000 0.038030 1.000000
45 0.140419 0.500000 0.038030 1.000000
48 0.026816 0.500000 0.038030 1.000000
48 0.064846 0.500000 0.038030 1.000000
49 0.102389 0.500000 0.038030 1.000000
