4 0.761580 0.500000 0.038030 1.000000
5 0.799122 0.500000 0.038030 1.000000
6 0.837640 0.500000 0.038030 1.000000
17 0.610922 0.500000 0.038030 1.000000
18 0.649439 0.500000 0.038030 1.000000
19 0.686494 0.500000 0.038030 1.000000
25 0.497806 0.500000 0.038030 1.000000
27 0.535836 0.500000 0.038030 1.000000
27 0.573379 0.500000 0.038030 1.000000
28 0.309605 0.500000 0.038030 1.000000
28 0.347148 0.500000 0.038030 1.000000
31 0.422721 0.500000 0.038030 1.000000
31 0.460263 0.500000 0.038030 1.000000
35 0.234520 0.500000 0.038030 1.000000
35 0.272062 0.500000 0.038030 1.000000
36 0.158947 0.500000 0.038030 1.000000
36 0.196490 0.500000 0.038030 1.000000
45 0.121404 0.500000 0.038030 1.000000
