2 0.894198 0.500000 0.038030 1.000000
3 0.931253 0.500000 0.038030 1.000000
10 0.819113 0.500000 0.038030 1.000000
11 0.855680 0.500000 0.038030 1.000000
12 0.667479 0.500000 0.038030 1.000000
12 0.705022 0.500000 0.038030 1.000000
14 0.743540 0.500000 0.038030 1.000000
15 0.780595 0.500000 0.038030 1.000000
16 0.554364 0.500000 0.038030 1.000000
17 0.592394 0.500000 0.038030 1.000000
18 0.630912 0.500000 0.038030 1.000000
20 0.328133 0.500000 0.038030 1.000000
20 0.366163 0.500000 0.038030 1.000000
21 0.403706 0.500000 0.038030 1.000000
21 0.441736 0.500000 0.038030 1.000000
22 0.480254 0.500000 0.038030 1.000000
23 0.516821 0.500000 0.038030 1.000000
30 0.291565 0.500000 0.038030 1.000000
37 0.253047 0.500000 0.038030 1.000000
46 0.140907 0.500000 0.038030 1.000000
47 0.177962 0.500000 0.038030 1.000000
47 0.215505 0.500000 0.038030 1.000000
51 0.064846 0.500000 0.038030 1.000000
52 0.022916 0.500000 0.038030 1.000000
