1 0.893710 0.500000 0.038030 1.000000
3 0.931253 0.500000 0.038030 1.000000
4 0.818137 0.500000 0.038030 1.000000
5 0.855680 0.500000 0.038030 1.000000
10 0.705997 0.500000 0.038030 1.000000
11 0.743052 0.500000 0.038030 1.000000
11 0.780595 0.500000 0.038030 1.000000
12 0.591906 0.500000 0.038030 1.000000
13 0.629937 0.500000 0.038030 1.000000
13 0.667479 0.500000 0.038030 1.000000
18 0.517796 0.500000 0.038030 1.000000
18 0.555339 0.500000 0.038030 1.000000
31 0.403706 0.500000 0.038030 1.000000
35 0.366163 0.500000 0.038030 1.000000
39 0.328620 0.500000 0.038030 1.000000
42 0.291565 0.500000 0.038030 1.000000
44 0.102389 0.500000 0.038030 1.000000
44 0.139932 0.500000 0.038030 1.000000
45 0.177962 0.500000 0.038030 1.000000
45 0.215505 0.500000 0.038030 1.000000
46 0.254022 0.500000 0.038030 1.000000
48 0.026816 0.500000 0.038030 1.000000
50 0.065822 0.500000 0.038030 1.000000
