8 0.930867 0.500000 0.037975 1.000000
13 0.855404 0.500000 0.037975 1.000000
14 0.893866 0.500000 0.037975 1.000000
18 0.818890 0.500000 0.037975 1.000000
24 0.779942 0.500000 0.037975 1.000000
28 0.554041 0.500000 0.037975 1.000000
28 0.592016 0.500000 0.037975 1.000000
29 0.629503 0.500000 0.037975 1.000000
30 0.667965 0.500000 0.037975 1.000000
30 0.705940 0.500000 0.037975 1.000000
31 0.742454 0.500000 0.037975 1.000000
34 0.517527 0.500000 0.037975 1.000000
40 0.403603 0.500000 0.037975 1.000000
41 0.441091 0.500000 0.037975 1.000000
43 0.479065 0.500000 0.037975 1.000000
45 0.290652 0.500000 0.037975 1.000000
45 0.328140 0.500000 0.037975 1.000000
47 0.365628 0.500000 0.037975 1.000000
49 0.177702 0.500000 0.037975 1.000000
49 0.215190 0.500000 0.037975 1.000000
51 0.252678 0.500000 0.037975 1.000000
52 0.097858 0.500000 0.037975 1.000000
52 0.135833 0.500000 0.037975 1.000000
53 0.022882 0.500000 0.037975 1.000000
53 0.060857 0.500000 0.037975 1.000000
