0 0.780107 0.500000 0.038030 1.000000
1 0.818137 0.500000 0.038030 1.000000
1 0.855680 0.500000 0.038030 1.000000
2 0.894198 0.500000 0.038030 1.000000
3 0.931253 0.500000 0.038030 1.000000
4 0.667479 0.500000 0.038030 1.000000
5 0.705022 0.500000 0.038030 1.000000
5 0.743052 0.500000 0.038030 1.000000
12 0.478791 0.500000 0.038030 1.000000
13 0.516821 0.500000 0.038030 1.000000
14 0.555339 0.500000 0.038030 1.000000
15 0.592394 0.500000 0.038030 1.000000
15 0.629937 0.500000 0.038030 1.000000
17 0.403706 0.500000 0.038030 1.000000
18 0.442223 0.500000 0.038030 1.000000
22 0.291565 0.500000 0.038030 1.000000
23 0.328620 0.500000 0.038030 1.000000
23 0.366163 0.500000 0.038030 1.000000
31 0.253047 0.500000 0.038030 1.000000
32 0.215505 0.500000 0.038030 1.000000
36 0.139932 0.500000 0.038030 1.000000
37 0.177962 0.500000 0.038030 1.000000
49 0.064846 0.500000 0.038030 1.000000
50 0.103364 0.500000 0.038030 1.000000
53 0.022916 0.500000 0.038030 1.000000
