0 0.724037 0.500000 0.038030 1.000000
2 0.762555 0.500000 0.038030 1.000000
2 0.800098 0.500000 0.038030 1.000000
3 0.837153 0.500000 0.038030 1.000000
7 0.686494 0.500000 0.038030 1.000000
24 0.460263 0.500000 0.038030 1.000000
24 0.497806 0.500000 0.038030 1.000000
25 0.535836 0.500000 0.038030 1.000000
27 0.573379 0.500000 0.038030 1.000000
27 0.610922 0.500000 0.038030 1.000000
30 0.423696 0.500000 0.038030 1.000000
32 0.272062 0.500000 0.038030 1.000000
33 0.309605 0.500000 0.038030 1.000000
34 0.348123 0.500000 0.038030 1.000000
35 0.385178 0.500000 0.038030 1.000000
39 0.234520 0.500000 0.038030 1.000000
41 0.121404 0.500000 0.038030 1.000000
42 0.159922 0.500000 0.038030 1.000000
42 0.197465 0.500000 0.038030 1.000000
