0 0.780107 0.500000 0.038030 1.000000
0 0.818137 0.500000 0.038030 1.000000
1 0.855680 0.500000 0.038030 1.000000
1 0.893710 0.500000 0.038030 1.000000
2 0.932228 0.500000 0.038030 1.000000
6 0.743540 0.500000 0.038030 1.000000
8 0.591906 0.500000 0.038030 1.000000
8 0.629449 0.500000 0.038030 1.000000
9 0.667479 0.500000 0.038030 1.000000
9 0.705022 0.500000 0.038030 1.000000
13 0.554364 0.500000 0.038030 1.000000
21 0.366163 0.500000 0.038030 1.000000
22 0.404681 0.500000 0.038030 1.000000
22 0.442223 0.500000 0.038030 1.000000
23 0.328620 0.500000 0.038030 1.000000
23 0.479278 0.500000 0.038030 1.000000
23 0.516821 0.500000 0.038030 1.000000
24 0.290590 0.500000 0.038030 1.000000
27 0.328620 0.500000 0.038030 1.000000
45 0.102389 0.500000 0.038030 1.000000
45 0.140419 0.500000 0.038030 1.000000
46 0.178937 0.500000 0.038030 1.000000
47 0.215505 0.500000 0.038030 1.000000
47 0.253047 0.500000 0.038030 1.000000
53 0.022916 0.500000 0.038030 1.000000
53 0.060946 0.500000 0.038030 1.000000
