4 0.724037 0.500000 0.038030 1.000000
14 0.686982 0.500000 0.038030 1.000000
21 0.610922 0.500000 0.038030 1.000000
21 0.648464 0.500000 0.038030 1.000000
30 0.536324 0.500000 0.038030 1.000000
31 0.573379 0.500000 0.038030 1.000000
33 0.460263 0.500000 0.038030 1.000000
33 0.497806 0.500000 0.038030 1.000000
40 0.309605 0.500000 0.038030 1.000000
41 0.347635 0.500000 0.038030 1.000000
42 0.385666 0.500000 0.038030 1.000000
43 0.422721 0.500000 0.038030 1.000000
53 0.230132 0.500000 0.038030 1.000000
53 0.267674 0.500000 0.038030 1.000000
