4 0.817916 0.500000 0.037975 1.000000
6 0.893866 0.500000 0.037975 1.000000
6 0.931840 0.500000 0.037975 1.000000
9 0.704966 0.500000 0.037975 1.000000
10 0.743427 0.500000 0.037975 1.000000
11 0.779942 0.500000 0.037975 1.000000
15 0.629503 0.500000 0.037975 1.000000
15 0.666991 0.500000 0.037975 1.000000
17 0.554041 0.500000 0.037975 1.000000
18 0.592502 0.500000 0.037975 1.000000
24 0.441091 0.500000 0.037975 1.000000
28 0.252678 0.500000 0.037975 1.000000
29 0.290652 0.500000 0.037975 1.000000
29 0.328140 0.500000 0.037975 1.000000
30 0.366602 0.500000 0.037975 1.000000
31 0.403603 0.500000 0.037975 1.000000
35 0.177702 0.500000 0.037975 1.000000
35 0.215190 0.500000 0.037975 1.000000
36 0.026777 0.500000 0.037975 1.000000
36 0.064752 0.500000 0.037975 1.000000
37 0.102240 0.500000 0.037975 1.000000
39 0.139727 0.500000 0.037975 1.000000
