5 0.893710 0.500000 0.038030 1.000000
6 0.932228 0.500000 0.038030 1.000000
8 0.667479 0.500000 0.038030 1.000000
8 0.705022 0.500000 0.038030 1.000000
9 0.743052 0.500000 0.038030 1.000000
9 0.780595 0.500000 0.038030 1.000000
11 0.818137 0.500000 0.038030 1.000000
11 0.855680 0.500000 0.038030 1.000000
16 0.591906 0.500000 0.038030 1.000000
16 0.629449 0.500000 0.038030 1.000000
28 0.478791 0.500000 0.038030 1.000000
29 0.516821 0.500000 0.038030 1.000000
30 0.555339 0.500000 0.038030 1.000000
34 0.404681 0.500000 0.038030 1.000000
35 0.441736 0.500000 0.038030 1.000000
39 0.366163 0.500000 0.038030 1.000000
43 0.328620 0.500000 0.038030 1.000000
45 0.177962 0.500000 0.038030 1.000000
46 0.254022 0.500000 0.038030 1.000000
47 0.291078 0.500000 0.038030 1.000000
48 0.026816 0.500000 0.038030 1.000000
49 0.064846 0.500000 0.038030 1.000000
49 0.102389 0.500000 0.038030 1.000000
50 0.140907 0.500000 0.038030 1.000000
