0 0.893223 0.500000 0.038030 1.000000
2 0.932228 0.500000 0.038030 1.000000
4 0.818137 0.500000 0.038030 1.000000
7 0.855680 0.500000 0.038030 1.000000
9 0.705022 0.500000 0.038030 1.000000
10 0.743540 0.500000 0.038030 1.000000
11 0.780595 0.500000 0.038030 1.000000
12 0.591906 0.500000 0.038030 1.000000
12 0.629449 0.500000 0.038030 1.000000
14 0.668454 0.500000 0.038030 1.000000
16 0.554364 0.500000 0.038030 1.000000
21 0.441736 0.500000 0.038030 1.000000
23 0.479278 0.500000 0.038030 1.000000
23 0.516821 0.500000 0.038030 1.000000
26 0.404681 0.500000 0.038030 1.000000
28 0.366163 0.500000 0.038030 1.000000
33 0.253047 0.500000 0.038030 1.000000
33 0.291078 0.500000 0.038030 1.000000
35 0.328620 0.500000 0.038030 1.000000
36 0.215505 0.500000 0.038030 1.000000
43 0.177962 0.500000 0.038030 1.000000
47 0.140419 0.500000 0.038030 1.000000
50 0.065822 0.500000 0.038030 1.000000
51 0.102389 0.500000 0.038030 1.000000
53 0.022916 0.500000 0.038030 1.000000
