2 0.932228 0.500000 0.038030 1.000000
4 0.818137 0.500000 0.038030 1.000000
5 0.855680 0.500000 0.038030 1.000000
6 0.894198 0.500000 0.038030 1.000000
12 0.705022 0.500000 0.038030 1.000000
12 0.742565 0.500000 0.038030 1.000000
16 0.478791 0.500000 0.038030 1.000000
17 0.516821 0.500000 0.038030 1.000000
17 0.554364 0.500000 0.038030 1.000000
18 0.592882 0.500000 0.038030 1.000000
18 0.630912 0.500000 0.038030 1.000000
19 0.667479 0.500000 0.038030 1.000000
27 0.441736 0.500000 0.038030 1.000000
28 0.328133 0.500000 0.038030 1.000000
31 0.403706 0.500000 0.038030 1.000000
33 0.253047 0.500000 0.038030 1.000000
35 0.291078 0.500000 0.038030 1.000000
39 0.177962 0.500000 0.038030 1.000000
39 0.215505 0.500000 0.038030 1.000000
45 0.140419 0.500000 0.038030 1.000000
48 0.064846 0.500000 0.038030 1.000000
51 0.102389 0.500000 0.038030 1.000000
53 0.022916 0.500000 0.038030 1.000000
