1 0.893379 0.500000 0.037975 1.000000
1 0.930867 0.500000 0.037975 1.000000
4 0.629503 0.500000 0.037975 1.000000
4 0.666991 0.500000 0.037975 1.000000
5 0.704966 0.500000 0.037975 1.000000
5 0.742454 0.500000 0.037975 1.000000
6 0.780915 0.500000 0.037975 1.000000
7 0.817916 0.500000 0.037975 1.000000
7 0.855404 0.500000 0.037975 1.000000
8 0.479065 0.500000 0.037975 1.000000
8 0.516553 0.500000 0.037975 1.000000
9 0.554041 0.500000 0.037975 1.000000
10 0.592502 0.500000 0.037975 1.000000
12 0.403603 0.500000 0.037975 1.000000
13 0.441091 0.500000 0.037975 1.000000
35 0.328140 0.500000 0.037975 1.000000
35 0.365628 0.500000 0.037975 1.000000
36 0.252678 0.500000 0.037975 1.000000
38 0.291626 0.500000 0.037975 1.000000
43 0.215190 0.500000 0.037975 1.000000
44 0.139727 0.500000 0.037975 1.000000
44 0.177702 0.500000 0.037975 1.000000
48 0.026777 0.500000 0.037975 1.000000
49 0.064752 0.500000 0.037975 1.000000
50 0.103213 0.500000 0.037975 1.000000
