3 0.743052 0.500000 0.038030 1.000000
12 0.591906 0.500000 0.038030 1.000000
12 0.629449 0.500000 0.038030 1.000000
13 0.667479 0.500000 0.038030 1.000000
13 0.705022 0.500000 0.038030 1.000000
22 0.517796 0.500000 0.038030 1.000000
22 0.555339 0.500000 0.038030 1.000000
36 0.403706 0.500000 0.038030 1.000000
39 0.441736 0.500000 0.038030 1.000000
39 0.479278 0.500000 0.038030 1.000000
40 0.290590 0.500000 0.038030 1.000000
41 0.328620 0.500000 0.038030 1.000000
43 0.366163 0.500000 0.038030 1.000000
46 0.216480 0.500000 0.038030 1.000000
47 0.253047 0.500000 0.038030 1.000000
