4 0.799122 0.500000 0.038030 1.000000
11 0.761580 0.500000 0.038030 1.000000
16 0.686007 0.500000 0.038030 1.000000
16 0.724037 0.500000 0.038030 1.000000
24 0.535349 0.500000 0.038030 1.000000
25 0.573379 0.500000 0.038030 1.000000
27 0.610922 0.500000 0.038030 1.000000
28 0.422721 0.500000 0.038030 1.000000
29 0.460263 0.500000 0.038030 1.000000
29 0.497806 0.500000 0.038030 1.000000
37 0.272062 0.500000 0.038030 1.000000
37 0.309605 0.500000 0.038030 1.000000
38 0.348123 0.500000 0.038030 1.000000
38 0.385666 0.500000 0.038030 1.000000
48 0.234032 0.500000 0.038030 1.000000
52 0.192101 0.500000 0.038030 1.000000
53 0.155046 0.500000 0.038030 1.000000
