9 0.704966 0.500000 0.037975 1.000000
10 0.743427 0.500000 0.037975 1.000000
10 0.780915 0.500000 0.037975 1.000000
11 0.817916 0.500000 0.037975 1.000000
12 0.516553 0.500000 0.037975 1.000000
13 0.554041 0.500000 0.037975 1.000000
13 0.592016 0.500000 0.037975 1.000000
14 0.630477 0.500000 0.037975 1.000000
15 0.666991 0.500000 0.037975 1.000000
24 0.366115 0.500000 0.037975 1.000000
24 0.403603 0.500000 0.037975 1.000000
26 0.442064 0.500000 0.037975 1.000000
27 0.479065 0.500000 0.037975 1.000000
36 0.215190 0.500000 0.037975 1.000000
38 0.253651 0.500000 0.037975 1.000000
38 0.291626 0.500000 0.037975 1.000000
39 0.328140 0.500000 0.037975 1.000000
53 0.135833 0.500000 0.037975 1.000000
53 0.173807 0.500000 0.037975 1.000000
