0 0.893223 0.500000 0.038030 1.000000
3 0.931253 0.500000 0.038030 1.000000
12 0.818137 0.500000 0.038030 1.000000
15 0.855680 0.500000 0.038030 1.000000
16 0.667479 0.500000 0.038030 1.000000
18 0.705997 0.500000 0.038030 1.000000
19 0.743052 0.500000 0.038030 1.000000
19 0.780595 0.500000 0.038030 1.000000
23 0.629937 0.500000 0.038030 1.000000
24 0.478791 0.500000 0.038030 1.000000
24 0.516821 0.500000 0.038030 1.000000
25 0.554364 0.500000 0.038030 1.000000
26 0.592882 0.500000 0.038030 1.000000
28 0.441248 0.500000 0.038030 1.000000
32 0.366163 0.500000 0.038030 1.000000
32 0.403706 0.500000 0.038030 1.000000
41 0.215505 0.500000 0.038030 1.000000
42 0.254022 0.500000 0.038030 1.000000
42 0.291565 0.500000 0.038030 1.000000
43 0.328620 0.500000 0.038030 1.000000
46 0.140907 0.500000 0.038030 1.000000
47 0.177962 0.500000 0.038030 1.000000
49 0.064846 0.500000 0.038030 1.000000
51 0.102389 0.500000 0.038030 1.000000
53 0.022916 0.500000 0.038030 1.000000
