3 0.930867 0.500000 0.037975 1.000000
6 0.893866 0.500000 0.037975 1.000000
8 0.779942 0.500000 0.037975 1.000000
8 0.817916 0.500000 0.037975 1.000000
9 0.855404 0.500000 0.037975 1.000000
24 0.704966 0.500000 0.037975 1.000000
26 0.743427 0.500000 0.037975 1.000000
28 0.629503 0.500000 0.037975 1.000000
28 0.666991 0.500000 0.037975 1.000000
34 0.555015 0.500000 0.037975 1.000000
35 0.592016 0.500000 0.037975 1.000000
36 0.366115 0.500000 0.037975 1.000000
36 0.403603 0.500000 0.037975 1.000000
37 0.441091 0.500000 0.037975 1.000000
39 0.479065 0.500000 0.037975 1.000000
39 0.516553 0.500000 0.037975 1.000000
43 0.328140 0.500000 0.037975 1.000000
44 0.026777 0.500000 0.037975 1.000000
44 0.064752 0.500000 0.037975 1.000000
45 0.102240 0.500000 0.037975 1.000000
45 0.139727 0.500000 0.037975 1.000000
46 0.178676 0.500000 0.037975 1.000000
46 0.216164 0.500000 0.037975 1.000000
47 0.252678 0.500000 0.037975 1.000000
47 0.290652 0.500000 0.037975 1.000000
