9 0.648491 0.500000 0.037975 1.000000
10 0.686952 0.500000 0.037975 1.000000
11 0.723466 0.500000 0.037975 1.000000
12 0.422103 0.500000 0.037975 1.000000
13 0.460078 0.500000 0.037975 1.000000
14 0.498539 0.500000 0.037975 1.000000
14 0.536027 0.500000 0.037975 1.000000
15 0.573028 0.500000 0.037975 1.000000
15 0.610516 0.500000 0.037975 1.000000
40 0.347128 0.500000 0.037975 1.000000
41 0.384615 0.500000 0.037975 1.000000
44 0.271665 0.500000 0.037975 1.000000
44 0.309153 0.500000 0.037975 1.000000
52 0.229796 0.500000 0.037975 1.000000
