0 0.817916 0.500000 0.037975 1.000000
0 0.856378 0.500000 0.037975 1.000000
0 0.892892 0.500000 0.037975 1.000000
0 0.930867 0.500000 0.037975 1.000000
0 0.780915 0.500000 0.037975 1.000000
0 0.629503 0.500000 0.037975 1.000000
0 0.666991 0.500000 0.037975 1.000000
0 0.705940 0.500000 0.037975 1.000000
0 0.742454 0.500000 0.037975 1.000000
0 0.554041 0.500000 0.037975 1.000000
0 0.592502 0.500000 0.037975 1.000000
0 0.516553 0.500000 0.037975 1.000000
0 0.290652 0.500000 0.037975 1.000000
0 0.328140 0.500000 0.037975 1.000000
0 0.403603 0.500000 0.037975 1.000000
0 0.479065 0.500000 0.037975 1.000000
0 0.139727 0.500000 0.037975 1.000000
0 0.177702 0.500000 0.037975 1.000000
0 0.215190 0.500000 0.037975 1.000000
0 0.252678 0.500000 0.037975 1.000000
0 0.102240 0.500000 0.037975 1.000000
0 0.022882 0.500000 0.037975 1.000000
