0 0.893223 0.500000 0.038030 1.000000
0 0.930765 0.500000 0.038030 1.000000
0 0.667479 0.500000 0.038030 1.000000
0 0.705022 0.500000 0.038030 1.000000
0 0.743052 0.500000 0.038030 1.000000
0 0.781570 0.500000 0.038030 1.000000
0 0.818137 0.500000 0.038030 1.000000
0 0.855680 0.500000 0.038030 1.000000
0 0.629449 0.500000 0.038030 1.000000
0 0.516821 0.500000 0.038030 1.000000
0 0.555339 0.500000 0.038030 1.000000
0 0.592394 0.500000 0.038030 1.000000
0 0.441248 0.500000 0.038030 1.000000
0 0.478791 0.500000 0.038030 1.000000
0 0.366163 0.500000 0.038030 1.000000
0 0.328620 0.500000 0.038030 1.000000
0 0.177474 0.500000 0.038030 1.000000
0 0.216480 0.500000 0.038030 1.000000
0 0.254022 0.500000 0.038030 1.000000
0 0.291078 0.500000 0.038030 1.000000
0 0.102389 0.500000 0.038030 1.000000
0 0.140907 0.500000 0.038030 1.000000
0 0.060458 0.500000 0.038030 1.000000
0 0.022916 0.500000 0.038030 1.000000
