0 0.931253 0.500000 0.038030 1.000000
0 0.893223 0.500000 0.038030 1.000000
0 0.742565 0.500000 0.038030 1.000000
0 0.780107 0.500000 0.038030 1.000000
0 0.818137 0.500000 0.038030 1.000000
0 0.855680 0.500000 0.038030 1.000000
0 0.591906 0.500000 0.038030 1.000000
0 0.629449 0.500000 0.038030 1.000000
0 0.667479 0.500000 0.038030 1.000000
0 0.705022 0.500000 0.038030 1.000000
0 0.516821 0.500000 0.038030 1.000000
0 0.555339 0.500000 0.038030 1.000000
0 0.442223 0.500000 0.038030 1.000000
0 0.480254 0.500000 0.038030 1.000000
0 0.328133 0.500000 0.038030 1.000000
0 0.366163 0.500000 0.038030 1.000000
0 0.403706 0.500000 0.038030 1.000000
0 0.215505 0.500000 0.038030 1.000000
0 0.253047 0.500000 0.038030 1.000000
0 0.291078 0.500000 0.038030 1.000000
0 0.102389 0.500000 0.038030 1.000000
0 0.140419 0.500000 0.038030 1.000000
0 0.177962 0.500000 0.038030 1.000000
0 0.028279 0.500000 0.038030 1.000000
0 0.064846 0.500000 0.038030 1.000000
