0 0.818137 0.500000 0.038030 1.000000
0 0.855680 0.500000 0.038030 1.000000
0 0.894198 0.500000 0.038030 1.000000
0 0.931253 0.500000 0.038030 1.000000
0 0.742565 0.500000 0.038030 1.000000
0 0.780595 0.500000 0.038030 1.000000
0 0.591906 0.500000 0.038030 1.000000
0 0.629449 0.500000 0.038030 1.000000
0 0.668454 0.500000 0.038030 1.000000
0 0.705022 0.500000 0.038030 1.000000
0 0.403706 0.500000 0.038030 1.000000
0 0.441248 0.500000 0.038030 1.000000
0 0.479278 0.500000 0.038030 1.000000
0 0.517796 0.500000 0.038030 1.000000
0 0.554364 0.500000 0.038030 1.000000
0 0.329595 0.500000 0.038030 1.000000
0 0.366163 0.500000 0.038030 1.000000
0 0.215505 0.500000 0.038030 1.000000
0 0.254022 0.500000 0.038030 1.000000
0 0.291078 0.500000 0.038030 1.000000
0 0.178937 0.500000 0.038030 1.000000
0 0.064846 0.500000 0.038030 1.000000
0 0.103364 0.500000 0.038030 1.000000
0 0.140419 0.500000 0.038030 1.000000
0 0.022916 0.500000 0.038030 1.000000
