0 0.930867 0.500000 0.037975 1.000000
0 0.855404 0.500000 0.037975 1.000000
0 0.892892 0.500000 0.037975 1.000000
0 0.705940 0.500000 0.037975 1.000000
0 0.743427 0.500000 0.037975 1.000000
0 0.779942 0.500000 0.037975 1.000000
0 0.817916 0.500000 0.037975 1.000000
0 0.629503 0.500000 0.037975 1.000000
0 0.666991 0.500000 0.037975 1.000000
0 0.479065 0.500000 0.037975 1.000000
0 0.517527 0.500000 0.037975 1.000000
0 0.554041 0.500000 0.037975 1.000000
0 0.592016 0.500000 0.037975 1.000000
0 0.403603 0.500000 0.037975 1.000000
0 0.441091 0.500000 0.037975 1.000000
0 0.252678 0.500000 0.037975 1.000000
0 0.290652 0.500000 0.037975 1.000000
0 0.328140 0.500000 0.037975 1.000000
0 0.366115 0.500000 0.037975 1.000000
0 0.177702 0.500000 0.037975 1.000000
0 0.215190 0.500000 0.037975 1.000000
0 0.139727 0.500000 0.037975 1.000000
0 0.097858 0.500000 0.037975 1.000000
0 0.022882 0.500000 0.037975 1.000000
0 0.060857 0.500000 0.037975 1.000000
