0 0.894198 0.500000 0.038030 1.000000
0 0.931253 0.500000 0.038030 1.000000
0 0.819113 0.500000 0.038030 1.000000
0 0.855680 0.500000 0.038030 1.000000
0 0.780595 0.500000 0.038030 1.000000
0 0.705022 0.500000 0.038030 1.000000
0 0.742565 0.500000 0.038030 1.000000
0 0.667479 0.500000 0.038030 1.000000
0 0.629937 0.500000 0.038030 1.000000
0 0.591906 0.500000 0.038030 1.000000
0 0.554364 0.500000 0.038030 1.000000
0 0.403706 0.500000 0.038030 1.000000
0 0.442223 0.500000 0.038030 1.000000
0 0.516821 0.500000 0.038030 1.000000
0 0.366163 0.500000 0.038030 1.000000
0 0.254022 0.500000 0.038030 1.000000
0 0.291078 0.500000 0.038030 1.000000
0 0.328620 0.500000 0.038030 1.000000
0 0.064846 0.500000 0.038030 1.000000
0 0.102389 0.500000 0.038030 1.000000
0 0.140907 0.500000 0.038030 1.000000
0 0.177962 0.500000 0.038030 1.000000
0 0.215505 0.500000 0.038030 1.000000
0 0.022916 0.500000 0.038030 1.000000
