0 0.799122 0.500000 0.038030 1.000000
0 0.761580 0.500000 0.038030 1.000000
0 0.686007 0.500000 0.038030 1.000000
0 0.724037 0.500000 0.038030 1.000000
0 0.535349 0.500000 0.038030 1.000000
0 0.573379 0.500000 0.038030 1.000000
0 0.610922 0.500000 0.038030 1.000000
0 0.422721 0.500000 0.038030 1.000000
0 0.460263 0.500000 0.038030 1.000000
0 0.497806 0.500000 0.038030 1.000000
0 0.272062 0.500000 0.038030 1.000000
0 0.309605 0.500000 0.038030 1.000000
0 0.348123 0.500000 0.038030 1.000000
0 0.385666 0.500000 0.038030 1.000000
0 0.234032 0.500000 0.038030 1.000000
0 0.192101 0.500000 0.038030 1.000000
0 0.155046 0.500000 0.038030 1.000000
