0 0.930765 0.500000 0.038030 1.000000
0 0.893223 0.500000 0.038030 1.000000
0 0.743052 0.500000 0.038030 1.000000
0 0.780595 0.500000 0.038030 1.000000
0 0.819113 0.500000 0.038030 1.000000
0 0.856655 0.500000 0.038030 1.000000
0 0.667479 0.500000 0.038030 1.000000
0 0.705022 0.500000 0.038030 1.000000
0 0.516821 0.500000 0.038030 1.000000
0 0.554364 0.500000 0.038030 1.000000
0 0.592394 0.500000 0.038030 1.000000
0 0.403706 0.500000 0.038030 1.000000
0 0.441736 0.500000 0.038030 1.000000
0 0.479278 0.500000 0.038030 1.000000
0 0.253047 0.500000 0.038030 1.000000
0 0.291078 0.500000 0.038030 1.000000
0 0.329595 0.500000 0.038030 1.000000
0 0.367138 0.500000 0.038030 1.000000
0 0.177962 0.500000 0.038030 1.000000
0 0.216480 0.500000 0.038030 1.000000
0 0.140419 0.500000 0.038030 1.000000
0 0.102389 0.500000 0.038030 1.000000
0 0.060458 0.500000 0.038030 1.000000
0 0.022916 0.500000 0.038030 1.000000
