0 0.780107 0.500000 0.038030 1.000000
0 0.743052 0.500000 0.038030 1.000000
0 0.667479 0.500000 0.038030 1.000000
0 0.705997 0.500000 0.038030 1.000000
0 0.478791 0.500000 0.038030 1.000000
0 0.516821 0.500000 0.038030 1.000000
0 0.554364 0.500000 0.038030 1.000000
0 0.592882 0.500000 0.038030 1.000000
0 0.629937 0.500000 0.038030 1.000000
0 0.291078 0.500000 0.038030 1.000000
0 0.329595 0.500000 0.038030 1.000000
0 0.367138 0.500000 0.038030 1.000000
0 0.403706 0.500000 0.038030 1.000000
0 0.441736 0.500000 0.038030 1.000000
0 0.177474 0.500000 0.038030 1.000000
0 0.215505 0.500000 0.038030 1.000000
0 0.253047 0.500000 0.038030 1.000000
