0 0.648491 0.500000 0.037975 1.000000
0 0.686952 0.500000 0.037975 1.000000
0 0.723466 0.500000 0.037975 1.000000
0 0.422103 0.500000 0.037975 1.000000
0 0.460078 0.500000 0.037975 1.000000
0 0.498539 0.500000 0.037975 1.000000
0 0.536027 0.500000 0.037975 1.000000
0 0.573028 0.500000 0.037975 1.000000
0 0.610516 0.500000 0.037975 1.000000
0 0.347128 0.500000 0.037975 1.000000
0 0.384615 0.500000 0.037975 1.000000
0 0.271665 0.500000 0.037975 1.000000
0 0.309153 0.500000 0.037975 1.000000
0 0.229796 0.500000 0.037975 1.000000
