0 0.781570 0.500000 0.038030 1.000000
0 0.819113 0.500000 0.038030 1.000000
0 0.855680 0.500000 0.038030 1.000000
0 0.705022 0.500000 0.038030 1.000000
0 0.743052 0.500000 0.038030 1.000000
0 0.667479 0.500000 0.038030 1.000000
0 0.630912 0.500000 0.038030 1.000000
0 0.403706 0.500000 0.038030 1.000000
0 0.441736 0.500000 0.038030 1.000000
0 0.480254 0.500000 0.038030 1.000000
0 0.517796 0.500000 0.038030 1.000000
0 0.554364 0.500000 0.038030 1.000000
0 0.592394 0.500000 0.038030 1.000000
0 0.366163 0.500000 0.038030 1.000000
0 0.328133 0.500000 0.038030 1.000000
0 0.177474 0.500000 0.038030 1.000000
0 0.253047 0.500000 0.038030 1.000000
0 0.291078 0.500000 0.038030 1.000000
0 0.135544 0.500000 0.038030 1.000000
0 0.098489 0.500000 0.038030 1.000000
