0 0.893710 0.500000 0.038030 1.000000
0 0.932228 0.500000 0.038030 1.000000
0 0.818137 0.500000 0.038030 1.000000
0 0.856655 0.500000 0.038030 1.000000
0 0.780595 0.500000 0.038030 1.000000
0 0.629937 0.500000 0.038030 1.000000
0 0.668454 0.500000 0.038030 1.000000
0 0.705997 0.500000 0.038030 1.000000
0 0.743052 0.500000 0.038030 1.000000
0 0.592394 0.500000 0.038030 1.000000
0 0.403706 0.500000 0.038030 1.000000
0 0.441736 0.500000 0.038030 1.000000
0 0.479278 0.500000 0.038030 1.000000
0 0.516821 0.500000 0.038030 1.000000
0 0.554364 0.500000 0.038030 1.000000
0 0.328133 0.500000 0.038030 1.000000
0 0.366163 0.500000 0.038030 1.000000
0 0.139932 0.500000 0.038030 1.000000
0 0.177962 0.500000 0.038030 1.000000
0 0.216480 0.500000 0.038030 1.000000
0 0.254022 0.500000 0.038030 1.000000
0 0.291078 0.500000 0.038030 1.000000
0 0.026816 0.500000 0.038030 1.000000
0 0.064846 0.500000 0.038030 1.000000
0 0.102389 0.500000 0.038030 1.000000
