0 0.930867 0.500000 0.037975 1.000000
0 0.856378 0.500000 0.037975 1.000000
0 0.892892 0.500000 0.037975 1.000000
0 0.742454 0.500000 0.037975 1.000000
0 0.780428 0.500000 0.037975 1.000000
0 0.817916 0.500000 0.037975 1.000000
0 0.554041 0.500000 0.037975 1.000000
0 0.592016 0.500000 0.037975 1.000000
0 0.630477 0.500000 0.037975 1.000000
0 0.667965 0.500000 0.037975 1.000000
0 0.704966 0.500000 0.037975 1.000000
0 0.479065 0.500000 0.037975 1.000000
0 0.517527 0.500000 0.037975 1.000000
0 0.403603 0.500000 0.037975 1.000000
0 0.441091 0.500000 0.037975 1.000000
0 0.215190 0.500000 0.037975 1.000000
0 0.252678 0.500000 0.037975 1.000000
0 0.290652 0.500000 0.037975 1.000000
0 0.365628 0.500000 0.037975 1.000000
0 0.177702 0.500000 0.037975 1.000000
0 0.102240 0.500000 0.037975 1.000000
0 0.139727 0.500000 0.037975 1.000000
0 0.026777 0.500000 0.037975 1.000000
0 0.064752 0.500000 0.037975 1.000000
