0 0.742565 0.500000 0.038030 1.000000
0 0.780595 0.500000 0.038030 1.000000
0 0.818137 0.500000 0.038030 1.000000
0 0.554364 0.500000 0.038030 1.000000
0 0.592394 0.500000 0.038030 1.000000
0 0.630912 0.500000 0.038030 1.000000
0 0.667479 0.500000 0.038030 1.000000
0 0.705022 0.500000 0.038030 1.000000
0 0.479278 0.500000 0.038030 1.000000
0 0.517796 0.500000 0.038030 1.000000
0 0.367138 0.500000 0.038030 1.000000
0 0.403706 0.500000 0.038030 1.000000
0 0.441736 0.500000 0.038030 1.000000
0 0.328620 0.500000 0.038030 1.000000
0 0.290590 0.500000 0.038030 1.000000
0 0.253047 0.500000 0.038030 1.000000
0 0.177962 0.500000 0.038030 1.000000
0 0.216480 0.500000 0.038030 1.000000
0 0.136031 0.500000 0.038030 1.000000
