0 0.837640 0.500000 0.038030 1.000000
0 0.874695 0.500000 0.038030 1.000000
0 0.686007 0.500000 0.038030 1.000000
0 0.724037 0.500000 0.038030 1.000000
0 0.762555 0.500000 0.038030 1.000000
0 0.799122 0.500000 0.038030 1.000000
0 0.573379 0.500000 0.038030 1.000000
0 0.610922 0.500000 0.038030 1.000000
0 0.649439 0.500000 0.038030 1.000000
0 0.347148 0.500000 0.038030 1.000000
0 0.384690 0.500000 0.038030 1.000000
0 0.422721 0.500000 0.038030 1.000000
0 0.460263 0.500000 0.038030 1.000000
0 0.498781 0.500000 0.038030 1.000000
0 0.535836 0.500000 0.038030 1.000000
0 0.309605 0.500000 0.038030 1.000000
0 0.158947 0.500000 0.038030 1.000000
0 0.197465 0.500000 0.038030 1.000000
0 0.234520 0.500000 0.038030 1.000000
0 0.272062 0.500000 0.038030 1.000000
0 0.079473 0.500000 0.038030 1.000000
