0 0.932228 0.500000 0.038030 1.000000
0 0.818137 0.500000 0.038030 1.000000
0 0.894198 0.500000 0.038030 1.000000
0 0.780595 0.500000 0.038030 1.000000
0 0.667479 0.500000 0.038030 1.000000
0 0.705997 0.500000 0.038030 1.000000
0 0.743052 0.500000 0.038030 1.000000
0 0.554364 0.500000 0.038030 1.000000
0 0.592394 0.500000 0.038030 1.000000
0 0.629937 0.500000 0.038030 1.000000
0 0.366163 0.500000 0.038030 1.000000
0 0.403706 0.500000 0.038030 1.000000
0 0.442223 0.500000 0.038030 1.000000
0 0.479278 0.500000 0.038030 1.000000
0 0.291078 0.500000 0.038030 1.000000
0 0.328620 0.500000 0.038030 1.000000
0 0.215505 0.500000 0.038030 1.000000
0 0.253047 0.500000 0.038030 1.000000
0 0.177962 0.500000 0.038030 1.000000
0 0.026816 0.500000 0.038030 1.000000
0 0.064846 0.500000 0.038030 1.000000
0 0.140419 0.500000 0.038030 1.000000
