0 0.723466 0.500000 0.037975 1.000000
0 0.762415 0.500000 0.037975 1.000000
0 0.648491 0.500000 0.037975 1.000000
0 0.685979 0.500000 0.037975 1.000000
0 0.422103 0.500000 0.037975 1.000000
0 0.460078 0.500000 0.037975 1.000000
0 0.497566 0.500000 0.037975 1.000000
0 0.535540 0.500000 0.037975 1.000000
0 0.574002 0.500000 0.037975 1.000000
0 0.610516 0.500000 0.037975 1.000000
0 0.196203 0.500000 0.037975 1.000000
0 0.271665 0.500000 0.037975 1.000000
0 0.310127 0.500000 0.037975 1.000000
0 0.347128 0.500000 0.037975 1.000000
0 0.384615 0.500000 0.037975 1.000000
