0 0.817916 0.500000 0.037975 1.000000
0 0.666991 0.500000 0.037975 1.000000
0 0.704966 0.500000 0.037975 1.000000
0 0.743427 0.500000 0.037975 1.000000
0 0.780915 0.500000 0.037975 1.000000
0 0.479065 0.500000 0.037975 1.000000
0 0.516553 0.500000 0.037975 1.000000
0 0.554041 0.500000 0.037975 1.000000
0 0.592502 0.500000 0.037975 1.000000
0 0.629503 0.500000 0.037975 1.000000
0 0.328140 0.500000 0.037975 1.000000
0 0.366115 0.500000 0.037975 1.000000
0 0.404576 0.500000 0.037975 1.000000
0 0.441091 0.500000 0.037975 1.000000
0 0.177702 0.500000 0.037975 1.000000
0 0.215190 0.500000 0.037975 1.000000
0 0.253651 0.500000 0.037975 1.000000
0 0.291626 0.500000 0.037975 1.000000
0 0.135833 0.500000 0.037975 1.000000
