0 0.743052 0.500000 0.038030 1.000000
0 0.591906 0.500000 0.038030 1.000000
0 0.629449 0.500000 0.038030 1.000000
0 0.667479 0.500000 0.038030 1.000000
0 0.705022 0.500000 0.038030 1.000000
0 0.517796 0.500000 0.038030 1.000000
0 0.555339 0.500000 0.038030 1.000000
0 0.403706 0.500000 0.038030 1.000000
0 0.441736 0.500000 0.038030 1.000000
0 0.479278 0.500000 0.038030 1.000000
0 0.290590 0.500000 0.038030 1.000000
0 0.328620 0.500000 0.038030 1.000000
0 0.366163 0.500000 0.038030 1.000000
0 0.216480 0.500000 0.038030 1.000000
0 0.253047 0.500000 0.038030 1.000000
