0 0.893379 0.500000 0.037975 1.000000
0 0.930867 0.500000 0.037975 1.000000
0 0.855404 0.500000 0.037975 1.000000
0 0.743427 0.500000 0.037975 1.000000
0 0.780915 0.500000 0.037975 1.000000
0 0.704966 0.500000 0.037975 1.000000
0 0.592016 0.500000 0.037975 1.000000
0 0.666991 0.500000 0.037975 1.000000
0 0.403603 0.500000 0.037975 1.000000
0 0.441091 0.500000 0.037975 1.000000
0 0.479552 0.500000 0.037975 1.000000
0 0.516553 0.500000 0.037975 1.000000
0 0.554041 0.500000 0.037975 1.000000
0 0.215190 0.500000 0.037975 1.000000
0 0.252678 0.500000 0.037975 1.000000
0 0.290652 0.500000 0.037975 1.000000
0 0.328140 0.500000 0.037975 1.000000
0 0.365628 0.500000 0.037975 1.000000
0 0.026777 0.500000 0.037975 1.000000
0 0.064752 0.500000 0.037975 1.000000
0 0.102240 0.500000 0.037975 1.000000
0 0.140701 0.500000 0.037975 1.000000
0 0.177702 0.500000 0.037975 1.000000
