0 0.724037 0.500000 0.038030 1.000000
0 0.686982 0.500000 0.038030 1.000000
0 0.610922 0.500000 0.038030 1.000000
0 0.648464 0.500000 0.038030 1.000000
0 0.536324 0.500000 0.038030 1.000000
0 0.573379 0.500000 0.038030 1.000000
0 0.460263 0.500000 0.038030 1.000000
0 0.497806 0.500000 0.038030 1.000000
0 0.309605 0.500000 0.038030 1.000000
0 0.347635 0.500000 0.038030 1.000000
0 0.385666 0.500000 0.038030 1.000000
0 0.422721 0.500000 0.038030 1.000000
0 0.230132 0.500000 0.038030 1.000000
0 0.267674 0.500000 0.038030 1.000000
