0 0.819113 0.500000 0.038030 1.000000
0 0.856655 0.500000 0.038030 1.000000
0 0.893223 0.500000 0.038030 1.000000
0 0.931253 0.500000 0.038030 1.000000
0 0.780595 0.500000 0.038030 1.000000
0 0.742565 0.500000 0.038030 1.000000
0 0.667479 0.500000 0.038030 1.000000
0 0.705997 0.500000 0.038030 1.000000
0 0.554364 0.500000 0.038030 1.000000
0 0.592882 0.500000 0.038030 1.000000
0 0.630912 0.500000 0.038030 1.000000
0 0.441248 0.500000 0.038030 1.000000
0 0.479278 0.500000 0.038030 1.000000
0 0.517796 0.500000 0.038030 1.000000
0 0.403706 0.500000 0.038030 1.000000
0 0.253047 0.500000 0.038030 1.000000
0 0.290590 0.500000 0.038030 1.000000
0 0.328620 0.500000 0.038030 1.000000
0 0.366163 0.500000 0.038030 1.000000
0 0.102389 0.500000 0.038030 1.000000
0 0.140907 0.500000 0.038030 1.000000
0 0.178937 0.500000 0.038030 1.000000
0 0.215505 0.500000 0.038030 1.000000
0 0.028279 0.500000 0.038030 1.000000
0 0.064846 0.500000 0.038030 1.000000
