0 0.724037 0.500000 0.038030 1.000000
0 0.761580 0.500000 0.038030 1.000000
0 0.800098 0.500000 0.038030 1.000000
0 0.837640 0.500000 0.038030 1.000000
0 0.573379 0.500000 0.038030 1.000000
0 0.611897 0.500000 0.038030 1.000000
0 0.648464 0.500000 0.038030 1.000000
0 0.686494 0.500000 0.038030 1.000000
0 0.535836 0.500000 0.038030 1.000000
0 0.422721 0.500000 0.038030 1.000000
0 0.460263 0.500000 0.038030 1.000000
0 0.498781 0.500000 0.038030 1.000000
0 0.272062 0.500000 0.038030 1.000000
0 0.310580 0.500000 0.038030 1.000000
0 0.348123 0.500000 0.038030 1.000000
0 0.385178 0.500000 0.038030 1.000000
0 0.197465 0.500000 0.038030 1.000000
0 0.234520 0.500000 0.038030 1.000000
0 0.154559 0.500000 0.038030 1.000000
0 0.117016 0.500000 0.038030 1.000000
