0 0.932228 0.500000 0.038030 1.000000
0 0.818137 0.500000 0.038030 1.000000
0 0.855680 0.500000 0.038030 1.000000
0 0.894198 0.500000 0.038030 1.000000
0 0.705022 0.500000 0.038030 1.000000
0 0.742565 0.500000 0.038030 1.000000
0 0.478791 0.500000 0.038030 1.000000
0 0.516821 0.500000 0.038030 1.000000
0 0.554364 0.500000 0.038030 1.000000
0 0.592882 0.500000 0.038030 1.000000
0 0.630912 0.500000 0.038030 1.000000
0 0.667479 0.500000 0.038030 1.000000
0 0.441736 0.500000 0.038030 1.000000
0 0.328133 0.500000 0.038030 1.000000
0 0.403706 0.500000 0.038030 1.000000
0 0.253047 0.500000 0.038030 1.000000
0 0.291078 0.500000 0.038030 1.000000
0 0.177962 0.500000 0.038030 1.000000
0 0.215505 0.500000 0.038030 1.000000
0 0.140419 0.500000 0.038030 1.000000
0 0.064846 0.500000 0.038030 1.000000
0 0.102389 0.500000 0.038030 1.000000
0 0.022916 0.500000 0.038030 1.000000
