0 0.724037 0.500000 0.038030 1.000000
0 0.762555 0.500000 0.038030 1.000000
0 0.800098 0.500000 0.038030 1.000000
0 0.837153 0.500000 0.038030 1.000000
0 0.686494 0.500000 0.038030 1.000000
0 0.460263 0.500000 0.038030 1.000000
0 0.497806 0.500000 0.038030 1.000000
0 0.535836 0.500000 0.038030 1.000000
0 0.573379 0.500000 0.038030 1.000000
0 0.610922 0.500000 0.038030 1.000000
0 0.423696 0.500000 0.038030 1.000000
0 0.272062 0.500000 0.038030 1.000000
0 0.309605 0.500000 0.038030 1.000000
0 0.348123 0.500000 0.038030 1.000000
0 0.385178 0.500000 0.038030 1.000000
0 0.234520 0.500000 0.038030 1.000000
0 0.121404 0.500000 0.038030 1.000000
0 0.159922 0.500000 0.038030 1.000000
0 0.197465 0.500000 0.038030 1.000000
