0 0.893710 0.500000 0.038030 1.000000
0 0.931253 0.500000 0.038030 1.000000
0 0.818137 0.500000 0.038030 1.000000
0 0.855680 0.500000 0.038030 1.000000
0 0.705997 0.500000 0.038030 1.000000
0 0.743052 0.500000 0.038030 1.000000
0 0.780595 0.500000 0.038030 1.000000
0 0.591906 0.500000 0.038030 1.000000
0 0.629937 0.500000 0.038030 1.000000
0 0.667479 0.500000 0.038030 1.000000
0 0.517796 0.500000 0.038030 1.000000
0 0.555339 0.500000 0.038030 1.000000
0 0.403706 0.500000 0.038030 1.000000
0 0.366163 0.500000 0.038030 1.000000
0 0.328620 0.500000 0.038030 1.000000
0 0.291565 0.500000 0.038030 1.000000
0 0.102389 0.500000 0.038030 1.000000
0 0.139932 0.500000 0.038030 1.000000
0 0.177962 0.500000 0.038030 1.000000
0 0.215505 0.500000 0.038030 1.000000
0 0.254022 0.500000 0.038030 1.000000
0 0.026816 0.500000 0.038030 1.000000
0 0.065822 0.500000 0.038030 1.000000
