0 0.678988 0.500000 0.037938 1.000000
0 0.555447 0.500000 0.037938 1.000000
0 0.588035 0.500000 0.037938 1.000000
0 0.656615 0.500000 0.037938 1.000000
0 0.335603 0.500000 0.037938 1.000000
0 0.434339 0.500000 0.037938 1.000000
0 0.259728 0.500000 0.037938 1.000000
0 0.298152 0.500000 0.037938 1.000000
0 0.221790 0.500000 0.037938 1.000000
0 0.147374 0.500000 0.037938 1.000000
0 0.108949 0.500000 0.037938 1.000000
0 0.134241 0.500000 0.037938 1.000000
0 0.018969 0.500000 0.037938 1.000000
0 0.034533 0.500000 0.037938 1.000000
