0 0.893223 0.500000 0.038030 1.000000
0 0.932228 0.500000 0.038030 1.000000
0 0.855680 0.500000 0.038030 1.000000
0 0.818137 0.500000 0.038030 1.000000
0 0.743052 0.500000 0.038030 1.000000
0 0.781570 0.500000 0.038030 1.000000
0 0.629937 0.500000 0.038030 1.000000
0 0.668454 0.500000 0.038030 1.000000
0 0.705022 0.500000 0.038030 1.000000
0 0.592394 0.500000 0.038030 1.000000
0 0.554364 0.500000 0.038030 1.000000
0 0.479278 0.500000 0.038030 1.000000
0 0.516821 0.500000 0.038030 1.000000
0 0.441736 0.500000 0.038030 1.000000
0 0.253047 0.500000 0.038030 1.000000
0 0.291078 0.500000 0.038030 1.000000
0 0.328620 0.500000 0.038030 1.000000
0 0.367138 0.500000 0.038030 1.000000
0 0.403706 0.500000 0.038030 1.000000
0 0.064846 0.500000 0.038030 1.000000
0 0.102389 0.500000 0.038030 1.000000
0 0.140907 0.500000 0.038030 1.000000
0 0.177962 0.500000 0.038030 1.000000
0 0.215505 0.500000 0.038030 1.000000
0 0.022916 0.500000 0.038030 1.000000
